Heuristic 1 - standard 
durations
[28.77363896369934, 37.27009606361389, 95.71843647956848, 51.08948612213135, 50.3357458114624, 50.84547781944275, 50.627934217453, 49.23347306251526, 50.739776611328125, 50.68421220779
419, 50.16253924369812, 98.02249145507812, 50.38790678977966, 98.16619944572449, 96.4003529548645, 104.52370047569275, 51.03118968009949, 51.61485457420349, 96.55526685714722, 51.77526
021003723, 53.13245749473572, 103.07267260551453, 54.08796739578247, 51.84948658943176, 52.05953907966614, 50.65591835975647, 51.88797473907471, 65.4549126625061, 104.09884476661682, 5
2.999603509902954, 56.49400186538696, 54.723795652389526, 94.12448835372925, 46.35310101509094, 86.58924889564514, 53.84733009338379, 46.7999849319458, 86.47422766685486, 45.8513817787
1704, 88.67163228988647, 57.74574327468872, 46.81131172180176, 44.989917278289795, 46.83315896987915, 96.82832074165344, 46.89498257637024, 46.468722343444824, 46.605830669403076, 66.0
2643632888794, 52.541200160980225, 102.46465706825256, 104.36436414718628, 50.6382794380188, 54.41140007972717, 57.73234510421753, 63.926653146743774, 49.803624868392944, 96.9131994247
4365, 50.12210273742676, 53.425605058670044, 113.08998775482178, 54.09443783760071, 51.69968342781067, 50.41032314300537, 52.489195346832275, 52.73602223396301, 51.50579285621643, 56.5
968234539032, 52.422566652297974, 49.965256452560425, 52.52315330505371, 51.30062818527222, 53.59205770492554, 52.5666344165802, 50.32871389389038, 52.11998176574707, 49.95915246009827
, 56.16044735908508, 42.240490674972534, 37.9914333820343, 37.250534772872925, 37.760698556900024, 71.00242042541504, 35.98686504364014, 37.26148843765259, 38.19826579093933, 37.025608
06274414, 71.4606032371521, 74.64301586151123, 36.37368679046631, 37.816511392593384, 66.83094239234924, 70.53623294830322, 68.3591685295105, 36.41516852378845, 40.479904651641846, 37.
09815812110901, 39.3184335231781, 39.91423678398132, 67.96437859535217, 36.14097356796265, 71.95364904403687, 38.14882206916809, 37.95438241958618, 36.19916391372681, 68.41501450538635
, 68.59225106239319, 38.09566521644592, 73.18225884437561, 70.35032272338867, 37.39467930793762, 37.23379731178284, 36.86280059814453, 36.61877465248108, 65.65682816505432, 37.00153565
406799, 36.83518362045288, 36.803492307662964, 36.362154483795166, 36.879302978515625, 71.64343285560608, 76.48448824882507, 44.240058183670044, 35.92926859855652, 38.865952014923096,
37.0333309173584, 36.44531226158142, 37.532485246658325, 36.64041543006897, 43.69164729118347, 41.95002889633179, 39.24397349357605, 37.507314682006836, 37.06018090248108, 36.710355997
08557, 37.6467661857605, 39.17122435569763, 37.264158487319946, 71.66552782058716, 36.605323791503906, 36.689244985580444, 38.05022072792053, 36.1800651550293, 37.13123369216919, 70.54
115319252014, 37.85664391517639, 37.02709197998047, 38.11181116104126, 38.35610556602478, 36.565879344940186, 37.43390154838562, 37.00637626647949, 36.718276262283325, 36.3481206893920
9, 36.766178131103516, 69.73531174659729, 69.96186637878418, 65.2201759815216, 71.76386451721191, 71.17205548286438, 36.411304235458374, 67.27174115180969, 37.15318155288696, 39.959694
86236572, 37.0658802986145, 74.33281993865967, 70.5389130115509, 36.60091853141785, 37.636488914489746, 74.32457065582275, 36.60242938995361, 41.112831354141235, 36.81659460067749, 36.
91508746147156, 40.8039231300354, 36.844152212142944, 37.28144860267639, 70.95982432365417, 38.00376510620117, 37.430307388305664, 71.48267674446106, 78.15818858146667, 72.753090143203
74, 36.72962188720703, 65.30115342140198, 39.54349374771118, 37.137205362319946, 36.44021248817444, 37.48775863647461, 75.02714943885803, 39.61679148674011, 36.447636127471924, 36.6034
29079055786, 37.827884674072266, 36.53461289405823, 36.79763865470886, 73.05913519859314, 39.22780418395996, 75.39743518829346, 74.13135504722595, 40.154552698135376, 71.39127159118652
, 36.9230170249939, 70.94143486022949, 36.56876850128174, 39.024503231048584, 72.09505319595337, 37.073341369628906, 37.32550048828125, 67.42094087600708, 73.35966396331787, 40.9600722
7897644, 72.94536900520325, 72.6680154800415, 36.50323820114136, 37.76696562767029, 66.93837594985962, 70.48210883140564, 69.19092845916748, 72.77246379852295, 37.7488009929657, 36.569
35167312622, 36.66557812690735, 67.20330500602722, 69.68244051933289, 37.068931579589844, 37.17213177680969, 37.77105665206909, 71.47528076171875, 71.27454948425293, 39.9811749458313,
38.056936502456665, 37.615546464920044, 37.21086597442627, 38.729918241500854, 37.32460832595825, 39.15838265419006, 36.600035190582275, 36.80099534988403, 35.9046905040741, 36.2239787
57858276, 70.84331727027893, 36.43919062614441, 37.04158639907837, 38.35659861564636, 74.61048936843872, 38.1656391620636, 73.37019801139832, 37.977662563323975, 37.623100996017456, 37
.01144790649414, 68.54724097251892, 37.58643889427185, 39.33717703819275, 70.00449919700623, 37.70951581001282, 36.819358110427856, 36.67078351974487, 45.81082034111023, 43.96850037574
768, 36.86713099479675, 41.228843450546265, 38.64850306510925, 36.65483379364014, 71.00387954711914, 36.683470010757446, 74.40961456298828, 37.24111008644104, 47.24137902259827, 37.037
94503211975, 75.6386547088623, 70.79776978492737, 74.2180392742157, 70.85744214057922, 72.31972622871399, 36.68337631225586, 37.01043677330017, 38.19322085380554, 37.573854207992554, 4
0.104095220565796, 39.23364567756653, 76.14857864379883, 47.35173487663269, 85.3618004322052, 43.51267910003662, 44.12920808792114, 40.56340003013611, 46.06777572631836, 83.34288525581
36, 43.4773154258728, 41.73362326622009, 41.921645402908325, 76.89337110519409, 42.14719915390015, 42.1286826133728, 42.652013063430786, 80.55368065834045, 43.289687156677246, 76.38170
599937439, 43.71721005439758, 42.891557693481445, 68.89935040473938, 42.63647103309631, 43.60701274871826, 41.8800904750824, 45.42056155204773, 43.70603108406067, 44.667393922805786, 4
2.1253502368927, 101.48309469223022, 54.69288611412048, 91.91338801383972, 80.89296507835388, 85.08232951164246, 43.73291826248169, 81.0081582069397, 83.76819229125977, 43.086331367492
676, 43.204625606536865, 45.6935932636261, 48.86334300041199, 83.231196641922, 85.9806957244873, 44.09738206863403, 104.94227361679077, 89.38866686820984, 43.91578269004822, 42.6051561
832428, 42.70993113517761, 44.68761849403381, 84.88118314743042, 43.446080684661865, 52.86189651489258, 85.12547850608826, 41.815768241882324, 44.56663465499878, 46.977386474609375, 85
.33950519561768, 44.977895975112915, 43.57604455947876, 84.32153272628784, 42.148741245269775, 81.4638319015503, 42.47517204284668, 45.54292821884155, 84.76226758956909, 44.67247748374
939, 42.2460994720459, 43.59631395339966, 44.62941575050354, 43.08789086341858, 43.422895669937134, 43.98596978187561, 83.72080540657043, 81.23788452148438, 43.270854473114014, 43.9145
7271575928, 43.70633625984192, 42.80594444274902, 83.49145007133484, 77.40718126296997, 43.905689001083374, 43.51942706108093, 44.55815649032593, 44.415687799453735, 45.1363582611084,
44.62548565864563, 91.77632737159729, 44.55097723007202, 85.7691957950592, 46.86677694320679, 45.1606810092926, 42.943135261535645, 83.06816029548645, 84.46773648262024, 44.19820809364
319, 87.86965370178223, 44.02641177177429, 42.4526584148407, 43.252702713012695, 44.879411935806274, 43.016087770462036, 44.18641233444214, 44.140217304229736, 44.30434823036194, 44.48
6660957336426, 44.569719552993774, 45.27439093589783, 42.62317132949829, 87.20783734321594, 47.30247354507446, 45.125943660736084, 97.68443202972412, 76.24879693984985, 44.293619871139
526, 43.58245778083801, 42.36839556694031, 44.58791184425354, 44.06373858451843, 88.59984946250916, 86.94630718231201, 46.5501446723938]
[46.71920204162598, 44.52564311027527, 44.613797426223755, 44.86545777320862, 43.912718296051025, 44.92682123184204, 44.754451513290405, 45.036434173583984, 44.2937228679657, 43.701789
61753845, 80.18278884887695, 44.06189203262329, 44.489672899246216, 43.738725900650024, 45.9206657409668, 45.36658072471619, 46.793458223342896, 83.3017029762268, 43.87912082672119, 45
.128559827804565, 84.0584614276886, 45.026679277420044, 49.35895848274231, 43.719520568847656, 44.17589020729065, 46.099687576293945, 82.67951679229736, 84.96748566627502, 96.701281309
12781, 84.65048313140869, 42.81275725364685, 46.25227975845337, 48.99508333206177, 45.0829291343689, 47.19685626029968, 54.43483853340149, 44.37870740890503, 91.7132396697998, 44.53040
385246277, 43.38939929008484, 48.99086785316467, 84.17425227165222, 44.822853565216064, 92.91695261001587, 45.265236616134644, 45.90589237213135, 45.566142320632935, 94.31455707550049,
 86.14136338233948, 98.06176924705505, 45.292197465896606, 46.410454988479614, 46.362446308135986, 45.57153868675232, 45.840648889541626, 44.13863730430603, 85.35454249382019, 54.32580
232620239, 44.51095485687256, 55.75654673576355, 45.71256136894226, 86.0791425704956, 87.02352213859558, 49.6638879776001, 89.74199652671814, 44.07460308074951, 50.269127368927, 45.079
713582992554, 55.66669225692749, 46.08313584327698, 44.686498403549194, 50.953954458236694, 43.80390810966492, 45.961692571640015, 44.8629105091095, 44.53644418716431, 49.0482752323150
6, 83.87204694747925, 94.4013352394104, 44.388697147369385, 80.30764818191528, 43.35872793197632, 49.72970533370972, 55.01641082763672, 47.68369483947754, 45.09569025039673, 85.1638784
4085693, 43.409262895584106, 44.030818462371826, 45.601487159729004, 74.17080664634705, 46.7198543548584, 44.67997980117798, 45.20531392097473, 46.25062108039856, 44.605252265930176, 4
4.63619804382324, 92.59356212615967, 48.197466135025024, 45.16925287246704, 46.532140493392944, 76.19145178794861, 44.57767939567566, 45.89038014411926, 46.177671670913696, 46.83574676
513672, 55.761980295181274, 83.7582483291626, 89.47150254249573, 85.8560471534729, 44.95756959915161, 45.14522576332092, 44.648452281951904, 45.80591702461243, 93.14030575752258, 43.09
061241149902, 44.7328155040741, 45.09196662902832, 53.16407489776611, 85.03664350509644, 85.18985772132874, 45.32119154930115, 48.29228162765503, 45.429383516311646, 46.0052216053009,
45.10068082809448, 87.6353747844696, 45.16883039474487, 48.90796661376953, 54.01107120513916, 45.357579946517944, 43.52813506126404, 44.40408492088318, 49.22273325920105, 81.3307881355
2856, 84.74854111671448, 85.50223636627197, 92.22708463668823, 88.69090366363525, 44.7760124206543, 45.209362506866455, 45.600340604782104, 43.89995861053467, 84.48184823989868, 46.938
11106681824, 89.29103922843933, 85.57069849967957, 44.48277711868286, 46.38133931159973, 88.1666944026947, 85.68180298805237, 47.58155107498169, 45.17913222312927, 44.382164478302, 45.
168166637420654, 89.41565608978271, 89.86068654060364, 45.97968292236328, 45.81410050392151, 91.95499038696289, 45.54376029968262, 45.598652601242065, 45.175894021987915, 83.5500204563
1409, 87.10184216499329, 87.63057208061218, 45.6180202960968, 44.99318218231201, 86.96031832695007, 54.793737173080444, 44.03493523597717, 78.65840864181519, 78.25454616546631, 44.3179
6646118164, 79.10889291763306, 43.40181541442871, 46.064746618270874, 87.98753595352173, 43.466906785964966, 43.912760496139526, 45.71717834472656, 42.982932806015015, 83.2645509243011
5, 45.130648374557495, 94.48873019218445, 44.5119252204895, 46.625375509262085, 48.20377326011658, 84.15081000328064, 53.129398822784424, 44.04379343986511, 44.920921087265015, 45.7827
1842002869, 84.06820178031921, 44.93894171714783, 89.51234984397888, 47.096856117248535, 56.42013120651245, 45.5695104598999, 44.22580361366272, 47.68225431442261, 46.386892795562744,
85.387127161026, 93.80933165550232, 46.788092613220215, 45.429397106170654, 44.923086404800415, 47.0152542591095, 82.16459083557129, 91.69500756263733, 81.15553379058838, 44.868701219558716, 83.8731460571289, 45.36930727958679, 44.0
87735414505005, 45.49929881095886, 87.94077801704407, 54.63702321052551, 55.778809785842896, 46.25257062911987, 86.5420937538147, 46.305904150009155, 44.85890340805054, 87.59735155105591, 48.99967002868652, 45.67340922355652, 46.272
1893787384, 48.240501165390015, 48.423269510269165, 86.93496990203857, 46.28429651260376, 44.34470009803772, 48.26154851913452, 88.61193799972534, 44.09089183807373, 45.11622881889343, 44.73313546180725, 49.01386594772339, 63.958956
480026245, 102.53821325302124, 80.15432333946228, 47.49738597869873, 62.06651020050049, 46.60008764266968, 49.37401366233826, 88.14069986343384, 41.96848106384277, 49.55779147148132, 49.66854476928711, 47.06159710884094, 41.90678143
501282, 41.772061586380005, 43.2767608165741, 45.275371074676514, 48.97758603096008, 48.47501277923584, 45.01637125015259, 44.81740999221802, 53.69065618515015, 94.61090016365051, 48.34563183784485, 86.61855816841125, 46.51923322677
612, 50.226279497146606, 46.90889763832092, 45.9954674243927, 51.0129930973053, 45.761876583099365, 45.42871880531311, 46.2262864112854, 47.60641813278198, 46.26010489463806, 781.447865486145, 32.81784677505493, 70.18483519554138, 7
0.23058724403381, 39.89152979850769, 86.40275931358337, 46.38933825492859, 46.72409391403198, 45.07323122024536, 102.26743578910828, 61.9303560256958, 119.32997727394104, 117.53701519966125, 61.03880500793457, 58.925015926361084, 11
1.77308940887451, 60.14853763580322, 61.930137157440186, 57.068307876586914, 104.36531639099121, 54.00622272491455, 52.38178563117981, 109.90314388275146, 46.77477145195007, 74.50497531890869, 85.9184238910675, 43.39640951156616, 43
.454346656799316, 49.974711894989014, 47.28633999824524, 89.12882375717163, 91.79243040084839, 47.77571940422058]

Heuristic 2 - DLIS
durations
[46.33242440223694, 96.04546403884888, 58.890525579452515, 87.47799015045166, 50.947176456451416, 98.21217179298401, 49.89690852165222, 99.39840936660767, 49.98824763298035, 53.1399667
263031, 103.53903412818909, 52.62322497367859, 100.08474850654602, 51.6791615486145, 53.00257110595703, 55.97174906730652, 98.69895005226135, 53.82336735725403, 51.18030285835266, 102.
65905475616455, 101.26329231262207, 52.22133803367615, 111.26788067817688, 55.833457946777344, 100.34613633155823, 54.530542612075806, 56.55048751831055, 69.41606307029724, 46.87861418
72406, 45.42724871635437, 45.719080686569214, 44.71694731712341, 46.463338136672974, 46.403942823410034, 46.57348155975342, 102.21480369567871, 45.405892848968506, 45.78411555290222, 8
8.01209878921509, 47.50125598907471, 66.44798278808594, 46.757922649383545, 84.81240653991699, 91.89614677429199, 57.7349374294281, 53.760985374450684, 53.36335802078247, 98.3341648578
6438, 109.16924834251404, 54.19366192817688, 51.685242891311646, 49.98019790649414, 52.87484788894653, 48.241225242614746, 53.33882212638855, 108.91710352897644, 49.96770644187927, 52.
89608430862427, 100.9781219959259, 52.34072828292847, 60.35870432853699, 51.58438420295715, 51.29720950126648, 51.45433688163757, 97.84357404708862, 98.80084657669067, 50.5077528953552
25, 105.15865683555603, 90.68332767486572, 49.47130370140076, 62.67030191421509, 74.47903275489807, 37.195759296417236, 87.19698810577393, 71.69893956184387, 70.94852232933044, 36.9570
2648162842, 74.1068844795227, 79.94652366638184, 36.76060485839844, 71.38378429412842, 38.3815643787384, 36.81657791137695, 36.8033332824707, 38.707661151885986, 72.81789493560791, 36.
45539212226868, 36.34697484970093, 37.29264044761658, 36.66551852226257, 36.5215585231781, 36.16914486885071, 36.940704345703125, 39.82208180427551, 37.53105068206787, 38.2201216220855
7, 72.3990569114685, 36.85883283615112, 36.43830990791321, 36.51651072502136, 36.59097671508789, 37.248318910598755, 37.028900384902954, 71.34801077842712, 37.14802384376526, 37.246206
760406494, 37.13797378540039, 76.37406706809998, 42.73369288444519, 37.37157678604126, 38.383612632751465, 36.98215699195862, 36.78109908103943, 70.78225469589233, 37.85832595825195, 7
3.77868986129761, 39.20796537399292, 36.273582220077515, 37.85703730583191, 36.67736530303955, 36.27464532852173, 36.26727843284607, 46.65605545043945, 40.70482635498047, 75.6969144344
3298, 79.5383849143982, 72.53240370750427, 41.432509660720825, 36.445008516311646, 37.5133216381073, 37.544260025024414, 36.94102168083191, 36.58477067947388, 38.057457447052, 36.90868
067741394, 37.68905687332153, 67.15176033973694, 36.70039248466492, 37.1806480884552, 37.479427337646484, 36.51183009147644, 71.79536390304565, 72.29838824272156, 36.72733449935913, 38
.004374742507935, 37.16637873649597, 72.35275077819824, 39.30872321128845, 37.664297342300415, 37.096442222595215, 36.298946380615234, 38.00924825668335, 37.50514554977417, 36.86670303
3447266, 36.65925574302673, 37.17283368110657, 36.99448299407959, 43.334636926651, 36.941041707992554, 37.8171751499176, 36.81613039970398, 36.389724016189575, 36.96721148490906, 38.09
594392776489, 39.956990242004395, 37.95357918739319, 40.117371559143066, 72.0397355556488, 38.94135522842407, 38.17163681983948, 36.43394684791565, 37.72538661956787, 38.17441701889038
, 70.34913468360901, 40.55019474029541, 36.7907292842865, 37.175856828689575, 37.07046818733215, 41.16395163536072, 67.90458083152771, 37.64110088348389, 41.79746627807617, 36.79813098
907471, 72.01517963409424, 39.44864058494568, 78.73616218566895, 36.80895113945007, 36.8191933631897, 36.3651340007782, 36.74620294570923, 72.84223341941833, 71.86520957946777, 73.8409
1806411743, 36.412622690200806, 69.90173530578613, 37.34207367897034, 40.08618140220642, 36.85430145263672, 37.44392657279968, 40.73516273498535, 71.89539551734924, 37.18883419036865,
38.55801224708557, 36.95398283004761, 37.25335669517517, 67.86245083808899, 37.008155822753906, 40.26069736480713, 37.877410650253296, 38.42636322975159, 37.93134093284607, 36.96092700
958252, 37.44705319404602, 37.03997993469238, 38.954506397247314, 82.97392201423645, 37.49092388153076, 36.507566928863525, 37.019046783447266, 38.653727531433105, 89.25603914260864, 3
7.51133966445923, 37.73325181007385, 38.14330530166626, 36.275333642959595, 36.57140111923218, 37.568042039871216, 37.48953700065613, 37.28825521469116, 36.90644383430481, 37.433315277
09961, 37.47657608985901, 36.83601689338684, 37.49978709220886, 82.68935918807983, 38.270890951156616, 38.29853177070618, 67.57872033119202, 75.10227799415588, 37.491485834121704, 36.7
4777269363403, 39.65800213813782, 36.86398124694824, 72.33551907539368, 71.34514546394348, 36.77557039260864, 38.36671757698059, 37.3622043132782, 38.10802340507507, 37.96845054626465,
 36.63792705535889, 39.68023920059204, 70.19515299797058, 41.18680930137634, 36.91635704040527, 37.471158027648926, 70.40197610855103, 72.91089105606079, 80.5354585647583, 50.534363508
22449, 37.35079860687256, 75.61836862564087, 73.37107992172241, 59.1216824054718, 36.43986392021179, 71.10691452026367, 43.33473467826843, 39.026729106903076, 80.11591219902039, 72.835
444688797, 37.007243394851685, 37.18219232559204, 38.56598448753357, 38.896642446517944, 36.905436515808105, 58.91061806678772, 38.58306264877319, 37.13512969017029, 69.0994930267334,
37.566242933273315, 37.98710560798645, 40.284526109695435, 75.7532114982605, 44.57804322242737, 45.38568115234375, 45.25468897819519, 43.58083915710449, 42.157849073410034, 41.40473079
6813965, 42.610382318496704, 80.99930810928345, 43.29822063446045, 41.74587273597717, 40.92652249336243, 82.76730799674988, 42.65248203277588, 42.06045842170715, 42.69176888465881, 46.
82209253311157, 51.715766191482544, 44.06424403190613, 41.91716909408569, 82.0237181186676, 42.82175636291504, 42.83616352081299, 45.404237031936646, 45.712124824523926, 77.54593539237
976, 42.08007860183716, 44.39606738090515, 86.04547548294067, 58.63128638267517, 53.72424030303955, 58.42262268066406, 50.54124903678894, 45.10167670249939, 42.79781174659729, 85.62497
663497925, 43.52533292770386, 84.26980352401733, 92.33594226837158, 44.25237703323364, 43.89574360847473, 43.521403312683105, 61.33509659767151, 43.96948456764221, 41.666343688964844,
44.48010015487671, 43.10084247589111, 43.1358585357666, 42.18155479431152, 43.1592161655426, 92.32777118682861, 41.93799018859863, 45.89833664894104, 89.15084290504456, 80.525602340698
24, 43.813732862472534, 42.6498818397522, 43.21347665786743, 43.84424948692322, 45.168960094451904, 45.65111041069031, 44.515920639038086, 69.39733600616455, 42.96738076210022, 84.9798
20728302, 47.886603355407715, 44.78575420379639, 42.166592597961426, 87.29524612426758, 83.22917532920837, 85.07049798965454, 43.570531606674194, 42.70249390602112, 85.77269291877747,
43.78530216217041, 43.80148887634277, 85.47419500350952, 43.28779220581055, 43.08865308761597, 43.754472970962524, 84.5879807472229, 83.50493383407593, 46.77989363670349, 83.7380523681
6406, 42.79194641113281, 46.962735414505005, 42.88528871536255, 44.890267848968506, 45.27319645881653, 43.55444955825806, 84.07143950462341, 48.82138013839722, 43.82119083404541, 44.23
83086681366, 43.932963371276855, 42.28998684883118, 43.79985737800598, 43.65470910072327, 85.42244863510132, 44.1314160823822, 42.8385443687439, 44.67271566390991, 85.2248158454895, 43
.83448028564453, 45.871840953826904, 85.85652017593384, 84.26035928726196, 42.92420530319214, 87.87560796737671, 42.81575584411621, 58.05214500427246, 45.85857629776001, 85.94015550613
403, 46.319645166397095, 47.19955277442932, 86.81349873542786, 45.213855266571045, 63.06952524185181, 42.67141771316528, 46.31769323348999]
[57.33236265182495, 44.908416748046875, 52.52851438522339, 84.04522562026978, 44.432387351989746, 44.690892696380615, 44.563864946365356, 87.85449695587158, 86.77083492279053, 87.55329
132080078, 43.697362661361694, 44.392077922821045, 84.18457746505737, 43.26526975631714, 45.00981521606445, 90.74487948417664, 44.42509865760803, 45.59424018859863, 45.71390414237976,
88.8107123374939, 45.40706968307495, 44.80729055404663, 43.947348833084106, 85.95012378692627, 87.79292464256287, 44.20107817649841, 44.83440923690796, 48.25104355812073, 43.9639773368
83545, 43.5459771156311, 44.45052361488342, 43.084712743759155, 85.49412512779236, 47.4360134601593, 44.00271654129028, 85.59344959259033, 96.04838037490845, 48.36774492263794, 45.6903
43379974365, 85.15221071243286, 83.2729902267456, 44.96631717681885, 50.050490617752075, 46.45586800575256, 91.47537875175476, 86.02430653572083, 85.15572500228882, 45.12070560455322,
45.78870463371277, 49.21155333518982, 43.89854574203491, 86.36018514633179, 45.95684289932251, 44.927794456481934, 48.48880219459534, 44.740562200546265, 45.14929270744324, 47.16460204
124451, 44.54425525665283, 48.524468660354614, 85.35829377174377, 47.230364084243774, 44.345571994781494, 44.66283583641052, 46.336000204086304, 49.22519063949585, 94.14707255363464, 8
5.43415546417236, 96.15045738220215, 45.447444677352905, 49.37585186958313, 45.765045404434204, 44.595977544784546, 46.72405481338501, 45.688907861709595, 43.718573808670044, 43.969967
60368347, 47.94109034538269, 42.46186423301697, 87.01149392127991, 46.99738574028015, 45.23281526565552, 88.42656660079956, 96.04868507385254, 89.8614809513092, 44.293055295944214, 46.
17972683906555, 86.48062562942505, 44.010591983795166, 49.07778978347778, 48.93757939338684, 47.39808630943298, 45.55046987533569, 47.19322323799133, 45.70045042037964, 44.395296096801
76, 44.39486050605774, 49.584794998168945, 45.69371056556702, 47.668505907058716, 89.06328320503235, 44.103670597076416, 52.50493025779724, 52.19247317314148, 88.39957690238953, 92.346
96865081787, 98.65796756744385, 46.14229464530945, 45.65235924720764, 43.87647008895874, 86.11986565589905, 44.701467990875244, 44.477725982666016, 46.752833127975464, 48.3720781803131
1, 85.12214303016663, 45.63506579399109, 47.37433123588562, 50.4911732673645, 45.28320646286011, 43.98590111732483, 45.185102462768555, 45.13453769683838, 86.80567145347595, 86.7226591
1102295, 44.5897958278656, 46.087273597717285, 45.85259246826172, 88.49536275863647, 97.12796783447266, 85.43017578125, 47.85667872428894, 85.11932158470154, 90.60775852203369, 45.4043
9295768738, 46.6661012172699, 45.57662844657898, 46.02772784233093, 50.47804641723633, 44.631009340286255, 84.49208283424377, 43.99450182914734, 45.26441955566406, 52.281328439712524,
43.81941103935242, 45.59060263633728, 44.305750370025635, 45.688114404678345, 45.724644899368286, 44.92716097831726, 44.71137595176697, 66.15273594856262, 46.22688150405884, 45.9610793
59054565, 45.94340252876282, 46.46030569076538, 46.29814791679382, 43.499207973480225, 47.99868845939636, 47.077521324157715, 44.878106117248535, 88.52424120903015, 88.64270448684692,
46.65646815299988, 45.38921546936035, 45.013190031051636, 93.04080605506897, 47.15021109580994, 45.79102444648743, 95.20142030715942, 47.000916481018066, 45.623533725738525, 43.7744009
4947815, 44.92372512817383, 46.402730226516724, 51.35819387435913, 86.03126215934753, 44.59120559692383, 42.086225271224976, 41.94752764701843, 46.99060130119324, 44.025808334350586, 4
8.6899254322052, 84.37163734436035, 43.6297402381897, 44.83041739463806, 45.3126220703125, 85.75297808647156, 42.48671007156372, 85.42267298698425, 90.72415566444397, 43.45399785041809
, 88.36459374427795, 45.770551919937134, 85.24456548690796, 44.682718992233276, 43.54365396499634, 99.41601872444153, 46.68104386329651, 53.80287742614746, 48.02173209190369, 86.352329
73098755, 44.565948486328125, 49.1165885925293, 88.2531590461731, 87.29930567741394, 86.1638240814209, 47.5541410446167, 45.50448179244995, 51.0351619720459, 44.90384292602539, 45.464470624923706, 44.159411668777466, 89.903167963027
95, 47.65995907783508, 88.57676362991333, 44.60343551635742, 45.41589426994324, 45.621514081954956, 88.08045053482056, 47.14902925491333, 86.90224814414978, 45.54471445083618, 49.14081335067749, 53.8242404460907, 86.68170714378357,
46.186190366744995, 86.75485801696777, 47.38580393791199, 44.50231146812439, 89.79337573051453, 86.57349228858948, 43.158546686172485, 45.297343015670776, 50.600823402404785, 46.274669885635376, 87.31086707115173, 46.32389831542969,
 93.62568402290344, 43.727256536483765, 51.513100147247314, 55.94049310684204, 58.881282806396484, 103.98581624031067, 81.75567126274109, 50.04314970970154, 54.398833990097046, 90.49316644668579, 45.36261320114136, 85.33729147911072
, 50.95531702041626, 89.93245315551758, 82.52130007743835, 76.11181378364563, 44.61457920074463, 92.1426649093628, 44.29421281814575, 91.97629642486572, 95.12796330451965, 53.335490465164185, 87.27205538749695, 44.997782707214355, 9
0.13391733169556, 47.73645496368408, 50.96312952041626, 44.36206531524658, 46.40579676628113, 46.38297128677368, 47.8971266746521, 820.6352756023407, 66.4766731262207, 36.83486819267273, 40.19549059867859, 68.55232095718384, 50.5110
9433174133, 53.61919569969177, 45.7022225856781, 48.24397945404053, 47.14584565162659, 113.09510707855225, 112.4413115978241, 63.79647517204285, 119.54683923721313, 62.62192177772522, 57.70226788520813, 126.91977334022522, 61.545838
594436646, 54.27643418312073, 114.17965579032898, 53.803269147872925, 104.07978677749634, 53.89790892601013, 46.48939800262451, 43.87985420227051, 41.13291049003601, 87.52544116973877, 46.50720834732056, 42.802462339401245, 47.95751
452445984, 48.38975691795349, 95.08175921440125, 91.7209541797638, 44.37853217124939, 40.828184366226196, 38.60492992401123]

Heuristic 4 - JWOS
durations
[51.81376075744629, 51.08744740486145, 89.81598687171936, 49.997989892959595, 51.15507674217224, 65.6326093673706, 50.2605619430542, 50.8190815448761, 50.34068322181702, 89.63902187347412, 127.0863869190216, 50.31704258918762, 56.58
882403373718, 55.88222646713257, 54.80717611312866, 62.65990138053894, 51.79012060165405, 51.28165245056152, 50.40882110595703, 51.75336241722107, 53.33031105995178, 52.09051513671875, 108.0558922290802, 51.827173471450806, 54.19584
012031555, 51.69168400764465, 60.122612714767456, 959.9871039390564, 46.53667235374451, 45.148062229156494, 47.56724500656128, 44.96266722679138, 47.04935050010681, 47.000460386276245, 78.25648427009583, 665.9485461711884, 49.476225
61454773, 62.206364154815674, 51.60004496574402, 52.13716387748718, 1320.4384245872498, 37.97688055038452, 42.85855221748352, 40.113892793655396, 51.52118992805481, 42.4929416179657, 36.42617988586426, 36.03304362297058, 56.63725495
33844, 53.58811926841736, 37.39778423309326, 36.84053921699524, 39.57844114303589, 36.47329592704773, 47.244250774383545, 140.15451073646545, 36.72394394874573, 37.73162889480591, 115.66257572174072, 114.4186224937439, 64.9360909461
9751, 37.414149045944214, 37.09772348403931, 36.56513166427612, 37.47141695022583, 45.18233394622803, 36.64625597000122, 67.54696798324585, 37.70251822471619, 36.96756029129028, 540.8222732543945, 50.30722212791443, 50.8777725696563
7, 60.09484887123108, 37.58017897605896, 36.784712076187134, 37.130064964294434, 38.93779182434082, 47.67432713508606, 37.98097205162048, 92.80823135375977, 73.62258982658386, 36.933690547943115, 62.77263379096985, 36.82605862617493
, 37.53736114501953, 36.87738871574402, 36.90786337852478, 38.35995697975159, 42.62240242958069, 43.929373025894165, 40.86311483383179, 51.8986554145813, 38.12513732910156, 38.855666399002075, 37.355745792388916, 37.69081401824951,
44.41143488883972, 42.60532069206238, 36.57216143608093, 36.09718465805054, 36.000619411468506, 41.02554655075073, 38.859954833984375, 37.413837909698486, 36.60243487358093, 38.61540079116821, 179.18163776397705, 419.3316864967346,
36.51189422607422, 39.49412941932678, 37.77994203567505, 58.00558590888977, 37.115869998931885, 37.71436333656311, 37.890856981277466, 38.5827898979187, 38.13909578323364, 37.13272976875305, 39.425708293914795, 37.78021001815796, 11
2.60133290290833, 86.51207876205444, 37.1545672416687, 46.42800951004028, 90.72058415412903, 36.49414372444153, 62.17909836769104, 46.813525915145874, 97.2372727394104, 39.66272854804993, 37.41293287277222, 41.7140052318573, 43.5379
6195983887, 36.8151650428772, 37.71933126449585, 39.077489376068115, 37.32415533065796, 41.322203159332275, 46.52041697502136, 37.55905270576477, 128.21903133392334, 39.81639504432678, 37.49541616439819, 36.58253812789917, 42.344503
16429138, 36.47821617126465, 38.5767867565155, 73.1989049911499, 37.54878544807434, 38.20072674751282, 50.05879068374634, 47.7694456577301, 68.93142342567444, 39.39153981208801, 37.67683815956116, 47.389909982681274, 38.260794401168
82, 40.80576944351196, 36.00070381164551, 36.331063747406006, 36.57304120063782, 36.621777057647705, 44.273720264434814, 36.27108144760132, 39.9979305267334, 37.89764976501465, 36.75575256347656, 112.26938962936401, 37.2583138942718
5, 37.337716817855835, 64.42994236946106, 51.67996621131897, 36.88267397880554, 73.05081391334534, 37.665804386138916, 38.847270250320435, 40.63235878944397, 41.25952625274658, 37.759984493255615, 39.12207102775574, 40.2269468307495
1, 37.01150727272034, 37.52604627609253, 37.07336711883545, 55.0788152217865, 37.289233684539795, 37.69683766365051, 36.759772300720215, 36.65367794036865, 75.10506463050842, 38.039400577545166, 38.67840385437012, 42.05927610397339,
 38.66302680969238, 37.1671462059021, 37.09528422355652, 54.062522649765015, 77.54894042015076, 130.60847997665405, 36.48324990272522, 37.322405099868774, 48.32051396369934, 36.59091281890869, 38.53493857383728, 38.59520101547241, 4
0.5924072265625, 105.1005277633667, 39.23951959609985, 39.79643988609314, 37.88111233711243, 39.33024740219116, 37.587690114974976, 36.86615300178528, 43.762906074523926, 122.69357991218567, 40.13102126121521, 36.6347119808197, 36.7
84242391586304, 42.97683262825012, 53.48383164405823, 44.50918364524841, 46.39203238487244, 42.404850244522095, 41.4967200756073, 45.96645998954773, 47.74745416641235, 40.41110134124756, 45.8581018447876, 51.23557639122009, 44.61052
7753829956, 54.27919340133667, 43.31207871437073, 54.685898303985596, 132.26987075805664, 43.27368450164795, 72.51428055763245, 42.97590637207031, 195.2996907234192, 44.85906481742859, 44.281649351119995, 43.25278687477112, 54.65801
453590393, 49.96763586997986, 84.46763205528259, 326.1082832813263, 48.47587561607361, 42.39704346656799, 45.15133261680603, 61.52854251861572, 46.050615549087524, 137.62235045433044, 44.468424558639526, 61.4288535118103, 42.1546928
8825989, 50.71074080467224, 43.25114464759827, 43.638306856155396, 80.31325960159302, 78.11013913154602, 46.499338150024414, 80.29841661453247, 106.38383460044861, 44.12676453590393, 46.20349884033203, 43.528016567230225, 73.5110547
542572, 58.31860542297363, 270.533931016922, 45.34082818031311, 44.98614859580994, 44.364375829696655, 47.57055997848511, 43.96463465690613, 48.67475509643555, 43.98872256278992, 52.650901079177856, 49.96051216125488, 45.16127276420
593, 50.15676951408386, 120.62471890449524, 91.24627017974854, 44.71559286117554, 44.51248836517334, 44.57895636558533, 44.464478731155396, 50.44638466835022, 124.74005246162415, 73.31579732894897, 44.23814082145691, 45.526887178421
02, 44.70794320106506, 56.450650215148926, 44.11645531654358, 43.891804218292236, 44.22152876853943, 44.46097993850708, 47.24377751350403, 96.34159851074219, 43.467400789260864, 44.84099793434143, 86.88040065765381, 42.8182826042175
3, 48.5504949092865, 44.15732526779175, 65.8865613937378, 71.85925722122192, 46.333603620529175, 45.29048752784729, 50.167139768600464, 52.86125946044922, 49.05661725997925, 43.68017888069153, 46.16299557685852, 91.95924043655396, 7
2.50818204879761, 45.905765533447266, 44.566763162612915, 50.96679735183716, 58.96321487426758, 51.715368032455444, 48.663559436798096, 60.15017867088318, 43.755558490753174, 402.7427108287811, 121.93073344230652, 44.391735792160034
, 48.2613730430603, 45.932915925979614, 45.22470831871033, 50.28240513801575, 44.15255117416382, 405.0671899318695, 43.49020767211914, 193.9524052143097, 82.21493625640869, 45.56278443336487, 79.00514721870422, 102.4409384727478, 48
.654194593429565, 43.91952657699585, 47.11212968826294, 44.56637954711914, 44.92413544654846, 43.593942165374756, 44.44495749473572, 55.31801128387451, 126.8739721775055, 45.04593873023987, 43.909897327423096, 62.63332748413086, 46.
66632604598999, 44.72707676887512, 45.222270488739014, 49.277809619903564, 51.64944314956665, 47.67570400238037, 43.953441858291626, 43.74405312538147, 45.66655731201172, 51.31624937057495, 58.74376606941223, 45.83565902709961, 59.8
27940464019775, 58.664082288742065, 43.62382793426514, 49.56763696670532, 135.05105137825012, 45.39454984664917, 48.683820724487305, 50.812124490737915, 44.16243505477905, 45.36279320716858, 80.18463850021362, 47.23448944091797, 45.
12913775444031, 60.35524797439575, 44.69434976577759, 45.586297035217285, 47.989073038101196, 47.90472912788391, 44.87668800354004, 44.03432083129883, 45.629255294799805, 48.2978675365448, 51.56504726409912, 58.739591121673584, 48.1
0524559020996, 45.48668432235718, 67.09637308120728, 97.72597479820251, 50.175851583480835, 244.83575415611267, 66.83691239356995, 47.584643602371216, 61.45622158050537, 70.23626446723938, 44.57248592376709, 48.902077436447144, 115.
26345086097717, 45.22471618652344, 52.626084327697754]
[60.340136766433716, 44.384899854660034, 68.59985280036926, 48.33331847190857, 45.37826466560364, 48.01477837562561, 50.032060861587524, 51.671236515045166, 47.81927943229675, 44.2177255153656, 44.9592649936676, 46.03967022895813, 4
8.782697439193726, 44.45649456977844, 60.28896880149841, 74.72823929786682, 90.37509274482727, 48.20745825767517, 62.78627610206604, 107.33497166633606, 47.02142572402954, 54.31619834899902, 44.565781116485596, 50.30433464050293, 15
3.61346411705017, 81.95723676681519, 49.761393785476685, 60.084988832473755, 82.00058960914612, 47.045569896698, 46.57377290725708, 45.6261785030365, 71.964026927948, 95.80086016654968, 61.05331325531006, 50.66090512275696, 45.13576
126098633, 63.69565010070801, 48.94700527191162, 50.30277705192566, 136.29334712028503, 52.219253063201904, 65.19136023521423, 75.31677412986755, 69.16847538948059, 49.87381911277771, 48.543091773986816, 97.56932401657104, 45.694132
566452026, 74.66709995269775, 49.97590231895447, 55.10935664176941, 99.84548711776733, 46.94949436187744, 68.49256086349487, 46.53579235076904, 46.133177042007446, 61.38176655769348, 47.63524127006531, 59.61259913444519, 45.67530584
335327, 46.84078669548035, 44.78438425064087, 67.89954018592834, 85.52667737007141, 47.52273440361023, 45.580711126327515, 47.0786771774292, 54.09850597381592, 47.1812698841095, 105.3788993358612, 69.26781272888184, 50.4324860572814
94, 65.47888612747192, 110.9912781715393, 45.85964894294739, 48.74124264717102, 79.2031946182251, 47.12100148200989, 44.01646065711975, 65.12247633934021, 50.99086141586304, 122.85096502304077, 222.152761220932, 45.19178366661072, 4
5.201446533203125, 43.98517036437988, 46.71261215209961, 44.08768701553345, 50.83434796333313, 364.0161876678467, 49.799715757369995, 46.27826189994812, 85.6536557674408, 63.61688208580017, 53.06699895858765, 72.08492040634155, 72.9
872317314148, 53.51252579689026, 63.97550678253174, 46.89724111557007, 45.74431014060974, 143.64215397834778, 104.58809638023376, 50.15151333808899, 94.89060664176941, 241.92740392684937, 45.19840335845947, 45.64583349227905, 46.167
78326034546, 45.62132287025452, 44.71297025680542, 112.45924282073975, 57.884745597839355, 53.66783618927002, 63.920591592788696, 55.6180534362793, 46.777167320251465, 66.0210599899292, 51.0933620929718, 44.814857482910156, 60.70368
838310242, 142.52818942070007, 51.54527473449707, 46.65922713279724, 44.50098752975464, 50.595659017562866, 48.53830552101135, 45.86284852027893, 657.8232271671295, 43.99869632720947, 47.91482925415039, 49.16795349121094, 64.0296266
078949, 48.445443868637085, 58.78988027572632, 60.86115264892578, 82.68796157836914, 139.77815222740173, 54.11787152290344, 54.77272820472717, 44.62419891357422, 45.81268882751465, 66.89415788650513, 50.34176421165466, 51.2568206787
1094, 46.31371569633484, 48.302080154418945, 57.276413440704346, 66.6870641708374, 46.66334009170532, 101.47417283058167, 54.29487085342407, 777.9517869949341, 37.32656121253967, 35.96966791152954, 39.250763177871704, 37.64043426513
672, 50.31420373916626, 45.655961751937866, 48.18895745277405, 61.330613136291504, 50.97097444534302, 49.85774207115173, 67.7523250579834, 67.20813727378845, 79.51981806755066, 63.049938678741455, 62.57969546318054, 169.900958776474
, 60.62680721282959, 66.5178735256195, 62.48510813713074, 64.16815161705017, 55.81646227836609, 87.2004942893982, 53.27993416786194, 58.929131269454956, 51.98825979232788, 60.15680766105652, 42.981467962265015, 43.78515315055847, 65
.86927366256714, 55.60742735862732, 61.753753423690796, 56.95743131637573, 56.06496572494507, 55.42001271247864, 60.70751166343689, 78.51396918296814, 107.89491081237793, 59.20829725265503, 36.586459159851074, 37.92938828468323, 41.
45707058906555, 1395.8908832073212, 39.48718523979187, 49.0494065284729, 47.039835691452026, 79.16079020500183, 28.248724460601807, 22.769729375839233, 18.737136125564575, 18.52885627746582, 17.91252064704895, 17.7611563205719, 26.2
60223150253296, 18.22570562362671, 18.656784772872925, 41.26534390449524, 17.51349186897278, 17.426629543304443, 17.42844867706299, 22.339340448379517, 18.339290618896484, 27.304945468902588, 17.9754536151886, 53.914151430130005, 29
.628303050994873, 17.70314931869507, 18.005881309509277, 24.332690715789795, 29.985051155090332, 17.94622540473938, 21.75171184539795, 18.602958917617798, 19.03730320930481, 35.630743980407715, 42.48774027824402, 18.72450065612793,
19.607515573501587, 1163.7185881137848, 29.215649127960205, 20.525441646575928, 37.57194638252258, 48.83774137496948, 23.71116614341736, 46.10042190551758, 59.11121225357056, 19.581218719482422, 23.57827091217041, 21.005383253097534
, 37.50274634361267, 18.585458993911743, 19.771401405334473, 24.464810132980347, 23.841893434524536, 24.19109869003296, 26.288991928100586, 35.82159924507141, 28.44650888442993, 19.755304098129272, 23.632720708847046, 20.92225074768
0664, 26.5304114818573, 27.079848289489746, 26.03342866897583, 48.738240003585815, 21.77181100845337, 102.21729063987732, 29.63316583633423, 26.12955927848816, 29.110578060150146, 32.960869550704956, 29.630314826965332, 22.597165584
56421, 25.814374208450317, 27.777127742767334, 31.504712343215942, 36.13502287864685, 30.704551696777344, 22.660298347473145, 159.34082984924316, 29.812806129455566, 114.54928302764893, 52.25554394721985, 39.51737570762634, 58.81107
3303222656, 30.218860149383545, 47.8555850982666, 29.128416299819946, 39.05054998397827, 27.6665678024292, 46.735453844070435, 25.715067625045776, 96.72221326828003, 27.605448961257935, 27.06774377822876, 46.88758730888367, 28.29566
1211013794, 28.724870443344116, 32.02252197265625, 23.10952091217041, 29.37928080558777, 29.55218768119812, 41.36329388618469, 24.758904695510864, 26.066159963607788, 30.157915115356445, 26.30350089073181, 27.458021640777588, 25.503
762245178223, 24.166212797164917, 29.77177619934082, 25.998109579086304]

