Heuristic 1
durations--------------------------------
[0.08225584030151367, 0.09210419654846191, 0.10007762908935547, 0.04645872116088867, 0.050621747970581055, 0.06113076210021973, 0.10638570785522461, 0.08131957054138184, 0.08628630638122559, 0.09799027442932129, 0.1131753921508789,
0.11504340171813965, 0.10063982009887695, 0.12725114822387695, 0.11151814460754395, 0.12987685203552246, 0.1095271110534668, 0.13640785217285156, 0.16979622840881348, 0.10029315948486328, 0.15569043159484863, 0.1278376579284668, 0.1
0940814018249512, 0.11034345626831055, 0.11692047119140625, 0.11246824264526367, 0.11738753318786621, 0.08189010620117188, 0.050914764404296875, 0.050159454345703125, 0.05049490928649902, 0.048998355865478516, 0.060416460037231445,
0.04633331298828125, 0.06673312187194824, 0.05813765525817871, 0.08300256729125977, 0.06432867050170898, 0.054009437561035156, 0.04246163368225098, 0.05054068565368652, 0.06615161895751953, 0.05409955978393555, 0.04280400276184082,
0.051334381103515625, 0.21742939949035645, 0.1323714256286621, 0.1448230743408203, 0.12492012977600098, 0.11403441429138184, 0.11497259140014648, 0.11997580528259277, 0.11843037605285645, 0.11212301254272461, 0.11501789093017578, 0.
23080730438232422, 0.13270139694213867, 0.12921857833862305, 0.17458581924438477, 0.11515665054321289, 0.08433079719543457, 0.09017634391784668, 0.05269813537597656, 0.05075979232788086, 0.05061173439025879, 0.06526637077331543, 0.0
666959285736084, 0.05195808410644531, 0.04911184310913086, 0.06526684761047363, 0.08673524856567383, 0.04139280319213867, 0.03503274917602539, 0.05058646202087402, 0.06905722618103027, 0.11460614204406738, 0.05500030517578125, 0.111
41228675842285, 0.11599969863891602, 0.23171234130859375, 0.1639091968536377, 0.4809145927429199, 0.23832368850708008, 0.35382676124572754, 0.25482749938964844, 0.08556270599365234, 0.09101176261901855, 0.05627274513244629, 0.050565
00434875488, 0.044164419174194336, 0.08180522918701172, 0.05499720573425293, 0.04999995231628418, 0.0680534839630127, 0.06022477149963379, 0.24647307395935059, 0.23583197593688965, 0.13420653343200684, 0.15537071228027344, 0.1230936
050415039, 0.24511241912841797, 0.1015925407409668, 0.1528949737548828, 0.12754583358764648, 0.23186969757080078, 0.11507987976074219, 0.10455799102783203, 0.05659055709838867, 0.04775857925415039, 0.06628179550170898, 0.08134484291
07666, 0.07715225219726562, 0.048999786376953125, 0.05195903778076172, 0.09509897232055664, 0.049500465393066406, 0.0661628246307373, 0.16443514823913574, 0.1367816925048828, 0.12240076065063477, 0.2854654788970947, 0.60564112663269
04, 0.16435837745666504, 0.1326897144317627, 0.27114200592041016, 0.15679144859313965, 0.22215747833251953, 0.27710700035095215, 0.19060349464416504, 0.14048385620117188, 0.23225021362304688, 0.11951518058776855, 0.16396427154541016
, 0.13334941864013672, 0.1104428768157959, 0.0563664436340332, 0.04641389846801758, 0.06514525413513184, 0.10117363929748535, 0.08106470108032227, 0.06797671318054199, 0.0671074390411377, 0.0817103385925293, 0.05845952033996582, 0.0
6274819374084473, 0.053711652755737305, 0.08183860778808594, 0.18098115921020508, 0.2648341655731201, 0.1584775447845459, 0.16233420372009277, 0.1555776596069336, 0.12687921524047852, 0.16301798820495605, 0.16265535354614258, 0.1413
8221740722656, 0.15475749969482422, 0.22383594512939453, 0.12881970405578613, 0.05049943923950195, 0.05578303337097168, 0.06099963188171387, 0.09942913055419922, 0.10062980651855469, 0.05298662185668945, 0.11670231819152832, 0.14137
29190826416, 0.07175588607788086, 0.06622028350830078, 0.1815629005432129, 0.13143706321716309, 0.18285393714904785, 0.1987917423248291, 0.1667613983154297, 0.11645245552062988, 0.1794281005859375, 0.21455717086791992, 0.13215661048
88916, 0.11376786231994629, 0.2335186004638672, 0.14112567901611328, 0.10729646682739258, 0.21197056770324707, 0.1289989948272705, 0.13257169723510742, 0.06612515449523926, 0.13041329383850098, 0.07203459739685059, 0.058382987976074
22, 0.07622790336608887, 0.11899757385253906, 0.08421206474304199, 0.0679166316986084, 0.06898784637451172, 0.08523273468017578, 0.16878414154052734, 0.16856861114501953, 0.1826009750366211, 0.2292320728302002, 0.26500701904296875,
0.1691606044769287, 0.2511880397796631, 0.16712141036987305, 0.1802384853363037, 0.1661539077758789, 0.24515151977539062, 0.13336539268493652, 0.1380748748779297, 0.20486998558044434, 0.13660049438476562, 0.15430569648742676, 0.1468
493938446045, 0.14249420166015625, 0.18169856071472168, 0.13874006271362305, 0.24538230895996094, 0.16550517082214355, 0.2489607334136963, 0.15868639945983887, 0.1874690055847168, 0.1081686019897461, 0.1693868637084961, 0.1767930984
4970703, 0.14144563674926758, 0.20131993293762207, 0.11993670463562012, 0.1805896759033203, 0.15540480613708496, 0.13230013847351074, 0.1633141040802002, 0.23062634468078613, 0.23970651626586914, 0.21537351608276367, 0.1386351585388
1836, 0.14905738830566406, 0.13266372680664062, 0.13005566596984863, 0.14435458183288574, 0.22156786918640137, 0.1622142791748047, 0.1867539882659912, 0.1634836196899414, 0.1275632381439209, 0.19308924674987793, 0.18543720245361328,
 0.14730286598205566, 0.15234899520874023, 0.13524556159973145, 0.1443166732788086, 0.10645699501037598, 0.13136959075927734, 0.14219951629638672, 0.11098527908325195, 0.14806199073791504, 0.18486714363098145, 0.13629555702209473, 0
.14811348915100098, 0.15419840812683105, 0.17088580131530762, 0.1552138328552246, 0.2022705078125, 0.14026331901550293, 0.1812608242034912, 0.15368151664733887, 0.18455100059509277, 0.1439037322998047, 0.13467812538146973, 0.1446409
2254638672, 0.1593036651611328, 0.12831687927246094, 0.14799022674560547, 0.11585617065429688, 0.2850837707519531, 0.16362714767456055, 0.15036916732788086, 0.11517453193664551, 0.261824369430542, 0.08890414237976074, 0.081376791000
36621, 0.052956342697143555, 0.09105110168457031, 0.05800652503967285, 0.06099104881286621, 0.04843306541442871, 0.058815717697143555, 0.06841421127319336, 0.1218099594116211, 0.1673583984375, 0.15784454345703125, 0.1440427303314209
, 0.13343453407287598, 0.12800335884094238, 0.1306009292602539, 0.26941442489624023, 0.12409043312072754, 0.13770246505737305, 0.14356780052185059, 0.16129302978515625, 0.18611359596252441, 0.14756226539611816, 0.24660825729370117,
0.13426971435546875, 0.24813103675842285, 0.20945143699645996, 0.17237281799316406, 0.1228034496307373, 0.16651129722595215, 0.12892460823059082, 0.18315744400024414, 0.14665460586547852, 0.14855051040649414, 0.13637590408325195, 0.
11634540557861328, 0.1549217700958252, 0.12095069885253906, 0.15631794929504395, 0.2790820598602295, 0.14983797073364258, 0.11491632461547852, 0.1657402515411377, 0.1262803077697754, 0.14245820045471191, 0.15262126922607422, 0.14820
69492340088, 0.1545877456665039, 0.1431429386138916, 0.21607542037963867, 0.14725279808044434, 0.1429157257080078, 0.16686010360717773, 0.2631347179412842, 0.13384008407592773, 0.11577630043029785, 0.2199859619140625, 0.131351470947
26562, 0.14978265762329102, 0.16458821296691895, 0.13299012184143066, 0.1495378017425537, 0.2562122344970703, 0.15075993537902832, 0.12771081924438477, 0.19891834259033203, 0.14667797088623047, 0.11569595336914062, 0.154092550277709
96, 0.1592562198638916, 0.18188858032226562, 0.12768173217773438, 0.0722048282623291, 0.0717158317565918, 0.13028931617736816, 0.0811166763305664, 0.08181405067443848, 0.11470460891723633, 0.08381342887878418, 0.20645809173583984, 0
.1192162036895752, 0.15433573722839355, 0.1111600399017334, 0.14033746719360352, 0.12626385688781738, 0.1184232234954834, 0.1655423641204834, 0.16460776329040527, 0.1905226707458496, 0.12931180000305176, 0.24146556854248047, 0.14725
375175476074, 0.15608429908752441, 0.14834213256835938, 0.2403564453125, 0.06647419929504395, 0.06619644165039062, 0.09139609336853027, 0.07573509216308594, 0.08704352378845215, 0.09720015525817871, 0.0707712173461914, 0.09638643264
770508, 0.08377623558044434, 0.06274604797363281, 0.1657407283782959, 0.15449810028076172, 0.18661069869995117, 0.13377857208251953, 0.2095317840576172, 0.12526512145996094, 0.15845704078674316, 0.15488457679748535, 0.23930978775024
414, 0.18242621421813965, 0.12020206451416016, 0.06200242042541504, 0.07318973541259766, 0.034334421157836914, 0.07427835464477539, 0.06919074058532715, 0.07039022445678711, 0.05288195610046387, 0.14780712127685547, 0.16134595870971
68, 0.15636515617370605, 0.14004802703857422, 0.11307525634765625, 0.11741900444030762, 0.1401681900024414, 0.26613521575927734, 0.09020638465881348, 0.07062602043151855, 0.06938862800598145, 0.07542657852172852, 0.04481029510498047
, 0.08180069923400879, 0.09935569763183594, 0.0786139965057373, 0.10208535194396973, 0.08176469802856445, 0.1124427318572998, 0.12922048568725586, 0.26598119735717773, 0.24854183197021484, 0.1503138542175293, 0.12880373001098633, 0.
16591954231262207, 0.11728191375732422, 0.1470956802368164, 0.1491098403930664, 0.1624302864074707, 0.1336963176727295, 0.19504904747009277, 0.14879798889160156, 0.10031747817993164, 0.08972334861755371, 0.059003353118896484, 0.0892
7369117736816, 0.052750349044799805, 0.0540013313293457, 0.11217236518859863, 0.05602860450744629, 0.057739973068237305, 0.050528526306152344, 0.2406470775604248, 0.11043453216552734, 0.15077447891235352, 0.12625789642333984, 0.1979
7563552856445, 0.14128541946411133, 0.2269759178161621, 0.1312408447265625, 0.16444015502929688, 0.13645625114440918, 0.24628305435180664, 0.07135534286499023, 0.08186960220336914, 0.06517648696899414, 0.1610720157623291, 0.05625438
690185547, 0.07399654388427734, 0.12596559524536133, 0.05899620056152344, 0.06879186630249023, 0.12486100196838379, 0.13856172561645508, 0.28407907485961914, 0.24607515335083008, 0.1585402488708496, 0.16255402565002441, 0.1503174304
9621582, 0.14932537078857422, 0.14949870109558105, 0.15846538543701172, 0.08043956756591797, 0.08641362190246582, 0.04573631286621094, 0.10060906410217285, 0.049134016036987305, 0.08097290992736816, 0.07616519927978516, 0.0732185840
6066895, 0.19347023963928223, 0.10344052314758301, 0.16829371452331543, 0.1608421802520752, 0.11699104309082031, 0.14751625061035156, 0.1329944133758545, 0.12982177734375, 0.1476888656616211, 0.13329434394836426, 0.10353493690490723
, 0.13131070137023926, 0.13472461700439453, 0.13999581336975098, 0.1415402889251709, 0.13593029975891113, 0.14496088027954102, 0.14517498016357422, 0.11892819404602051, 0.111724853515625, 0.13238048553466797, 0.11951851844787598, 0.
07400298118591309, 0.08220601081848145, 0.05073285102844238, 0.1711423397064209, 0.16076087951660156, 0.23145437240600586, 0.18384003639221191, 0.1320946216583252, 0.14282727241516113, 0.1264817714691162, 0.10944628715515137, 0.1471
9200134277344, 0.1181342601776123, 0.12314248085021973, 0.14127016067504883, 0.12534141540527344, 0.12423181533813477, 0.05299997329711914, 0.07418537139892578, 0.0690765380859375, 0.042119503021240234, 0.06407618522644043, 0.069034
57641601562, 0.06087183952331543, 0.058997154235839844, 0.27825450897216797, 0.15189313888549805, 0.12899994850158691, 0.13444733619689941, 0.12282872200012207, 0.12444591522216797]
[0.0512089729309082, 0.047463178634643555, 0.050871849060058594, 0.056043148040771484, 0.04962801933288574, 0.050489187240600586, 0.05754256248474121, 0.04049563407897949, 0.04957294464111328, 0.08827757835388184, 0.0556414127349853
5, 0.05022764205932617, 0.12465095520019531, 0.12187790870666504, 0.11397123336791992, 0.10971283912658691, 0.11671137809753418, 0.10996198654174805, 0.09117484092712402, 0.18029403686523438, 0.11499619483947754, 0.09810018539428711
, 0.08016419410705566, 0.07625818252563477, 0.03640866279602051, 0.060791969299316406, 0.08860039710998535, 0.05295753479003906, 0.058365583419799805, 0.04044151306152344, 0.050583839416503906, 0.06624698638916016, 0.050575017929077
15, 0.06525516510009766, 0.051123619079589844, 0.056330204010009766, 0.04969286918640137, 0.05077862739562988, 0.049584388732910156, 0.05000138282775879, 0.0661308765411377, 0.04806685447692871, 0.047469377517700195, 0.0486922264099
1211, 0.08343887329101562, 0.14118146896362305, 0.10506439208984375, 0.10756731033325195, 0.10980057716369629, 0.1307220458984375, 0.1331923007965088, 0.21538925170898438, 0.11620163917541504, 0.1215519905090332, 0.05198287963867187
5, 0.04535031318664551, 0.05443072319030762, 0.0901648998260498, 0.03676557540893555, 0.0665740966796875, 0.061068058013916016, 0.0504918098449707, 0.05193972587585449, 0.04819655418395996, 0.05613398551940918, 0.06623435020446777,
0.05739736557006836, 0.04079794883728027, 0.050554752349853516, 0.06514239311218262, 0.04575395584106445, 0.08728432655334473, 0.03975105285644531, 0.07147383689880371, 0.09579014778137207, 0.11603808403015137, 0.09830904006958008,
0.11180758476257324, 0.11896061897277832, 0.263897180557251, 0.3316538333892822, 0.12857890129089355, 0.10141229629516602, 0.10180377960205078, 0.04905200004577637, 0.04485321044921875, 0.06999468803405762, 0.06193876266479492, 0.05
912923812866211, 0.037493228912353516, 0.09015965461730957, 0.061751604080200195, 0.06800079345703125, 0.1163947582244873, 0.11295485496520996, 0.11556577682495117, 0.1285386085510254, 0.14582109451293945, 0.1656193733215332, 0.1082
8232765197754, 0.1591477394104004, 0.22275900840759277, 0.14733266830444336, 0.05404162406921387, 0.05050015449523926, 0.12764191627502441, 0.04999661445617676, 0.04305148124694824, 0.06311821937561035, 0.04745674133300781, 0.052995
20492553711, 0.11613798141479492, 0.18503165245056152, 0.13052940368652344, 0.21000051498413086, 0.5303690433502197, 0.18686747550964355, 0.15584969520568848, 0.11764216423034668, 0.11071634292602539, 0.14495515823364258, 0.11504364
013671875, 0.03835797309875488, 0.07415604591369629, 0.08488798141479492, 0.048040151596069336, 0.08853030204772949, 0.14954710006713867, 0.13541388511657715, 0.1357274055480957, 0.17978549003601074, 0.13432645797729492, 0.120609045
02868652, 0.17081546783447266, 0.14556384086608887, 0.14643597602844238, 0.15735912322998047, 0.23845624923706055, 0.14142107963562012, 0.14226722717285156, 0.1657397747039795, 0.13103461265563965, 0.12289762496948242, 0.10762071609
49707, 0.048767805099487305, 0.06476163864135742, 0.043761253356933594, 0.06614017486572266, 0.11497211456298828, 0.1153419017791748, 0.1138308048248291, 0.13327264785766602, 0.12515926361083984, 0.13782191276550293, 0.1439838409423
828, 0.15243148803710938, 0.1763167381286621, 0.18963122367858887, 0.16937923431396484, 0.25608229637145996, 0.14138102531433105, 0.1321392059326172, 0.14807844161987305, 0.16582441329956055, 0.2316884994506836, 0.1160116195678711,
0.1488630771636963, 0.13220953941345215, 0.09990715980529785, 0.06672930717468262, 0.08091187477111816, 0.045773983001708984, 0.0713961124420166, 0.14826178550720215, 0.13640999794006348, 0.14333152770996094, 0.12273383140563965, 0.
12124228477478027, 0.16930747032165527, 0.1149747371673584, 0.13049817085266113, 0.15958118438720703, 0.17095470428466797, 0.1503150463104248, 0.15132832527160645, 0.13547801971435547, 0.11414074897766113, 0.13130927085876465, 0.213
6211395263672, 0.15228056907653809, 0.1525588035583496, 0.12726688385009766, 0.16132116317749023, 0.13521909713745117, 0.12819766998291016, 0.13103365898132324, 0.17387104034423828, 0.15154337882995605, 0.1472916603088379, 0.1515743
7324523926, 0.12935543060302734, 0.11899924278259277, 0.17155170440673828, 0.18465828895568848, 0.13332915306091309, 0.16041350364685059, 0.1471724510192871, 0.13439035415649414, 0.12339019775390625, 0.11729311943054199, 0.155729055
40466309, 0.14719939231872559, 0.14743661880493164, 0.1267852783203125, 0.13618779182434082, 0.126617431640625, 0.16100406646728516, 0.14256501197814941, 0.17533206939697266, 0.15430450439453125, 0.16751956939697266, 0.1219959259033
2031, 0.16814255714416504, 0.1655740737915039, 0.12625861167907715, 0.22045445442199707, 0.12011337280273438, 0.13695096969604492, 0.12123870849609375, 0.14354681968688965, 0.16624188423156738, 0.1464083194732666, 0.2165341377258300
8, 0.12446784973144531, 0.13273286819458008, 0.15217995643615723, 0.16843605041503906, 0.10351109504699707, 0.2802846431732178, 0.19353008270263672, 0.06626033782958984, 0.06720542907714844, 0.05815887451171875, 0.049996137619018555
, 0.057999610900878906, 0.06515908241271973, 0.06470608711242676, 0.05600261688232422, 0.16893219947814941, 0.14309453964233398, 0.1583402156829834, 0.1332378387451172, 0.24546313285827637, 0.18054533004760742, 0.11945724487304688,
0.1509552001953125, 0.11456894874572754, 0.21866679191589355, 0.15955567359924316, 0.15308713912963867, 0.14734983444213867, 0.12936758995056152, 0.14936518669128418, 0.11402678489685059, 0.14841127395629883, 0.1132206916809082, 0.1
286616325378418, 0.26444220542907715, 0.16553902626037598, 0.13308429718017578, 0.12041211128234863, 0.23417019844055176, 0.147202730178833, 0.11665821075439453, 0.12110567092895508, 0.14269804954528809, 0.16329240798950195, 0.14837
098121643066, 0.14310884475708008, 0.20993638038635254, 0.15127038955688477, 0.1621389389038086, 0.16443181037902832, 0.17772293090820312, 0.14074110984802246, 0.17319560050964355, 0.21947860717773438, 0.1319878101348877, 0.13263893
127441406, 0.14552044868469238, 0.11516261100769043, 0.13311409950256348, 0.15246987342834473, 0.1392660140991211, 0.2052316665649414, 0.1499795913696289, 0.1451711654663086, 0.11596107482910156, 0.14575576782226562, 0.1335897445678
711, 0.14625334739685059, 0.142869234085083, 0.12225484848022461, 0.14261174201965332, 0.1237480640411377, 0.10742831230163574, 0.1720874309539795, 0.1493082046508789, 0.22545814514160156, 0.1257309913635254, 0.1497650146484375, 0.1
1675834655761719, 0.17789459228515625, 0.17125391960144043, 0.23854446411132812, 0.14710164070129395, 0.1220395565032959, 0.13705825805664062, 0.21177053451538086, 0.1506190299987793, 0.16664385795593262, 0.15757250785827637, 0.0709
9795341491699, 0.07408428192138672, 0.10961604118347168, 0.12599444389343262, 0.06502413749694824, 0.06611847877502441, 0.14909768104553223, 0.12412762641906738, 0.12977075576782227, 0.24377942085266113, 0.13241314888000488, 0.15550
827980041504, 0.21449756622314453, 0.1363356113433838, 0.11099696159362793, 0.12241983413696289, 0.15542054176330566, 0.13767576217651367, 0.1316072940826416, 0.09846806526184082, 0.06636524200439453, 0.07098984718322754, 0.05000329
01763916, 0.08703184127807617, 0.13165521621704102, 0.13298678398132324, 0.142683744430542, 0.13302850723266602, 0.14826345443725586, 0.23497772216796875, 0.14470720291137695, 0.16527867317199707, 0.18445038795471191, 0.129369020462
03613, 0.05599808692932129, 0.06500124931335449, 0.03935670852661133, 0.06379556655883789, 0.1531972885131836, 0.045113325119018555, 0.08404088020324707, 0.07714128494262695, 0.04999876022338867, 0.13812851905822754, 0.1662759780883
789, 0.14154934883117676, 0.17434120178222656, 0.17465591430664062, 0.27821993827819824, 0.15122032165527344, 0.12830662727355957, 0.14323949813842773, 0.14797210693359375, 0.19755911827087402, 0.13366484642028809, 0.163252353668212
9, 0.08712935447692871, 0.07174086570739746, 0.06542611122131348, 0.06830048561096191, 0.13379979133605957, 0.14986181259155273, 0.13156557083129883, 0.1841747760772705, 0.1279921531677246, 0.11378169059753418, 0.1508197784423828, 0
.15550613403320312, 0.05543828010559082, 0.09131407737731934, 0.0801858901977539, 0.05407357215881348, 0.09320712089538574, 0.06613612174987793, 0.2347581386566162, 0.12575554847717285, 0.14478349685668945, 0.11508464813232422, 0.10
04629135131836, 0.18520236015319824, 0.14031076431274414, 0.16045022010803223, 0.16541361808776855, 0.17473721504211426, 0.06674051284790039, 0.0671393871307373, 0.14810967445373535, 0.06623029708862305, 0.12272191047668457, 0.13475
17967224121, 0.13350272178649902, 0.1310875415802002, 0.11590147018432617, 0.10136842727661133, 0.16282248497009277, 0.12986302375793457, 0.22382378578186035, 0.13342785835266113, 0.12866902351379395, 0.15005993843078613, 0.13659191
131591797, 0.0701591968536377, 0.06413149833679199, 0.08182454109191895, 0.08342170715332031, 0.07999849319458008, 0.162611722946167, 0.15793442726135254, 0.15181183815002441, 0.14790964126586914, 0.1769106388092041, 0.1336584091186
5234, 0.09916210174560547, 0.06610822677612305, 0.06899595260620117, 0.06908392906188965, 0.07599997520446777, 0.16479706764221191, 0.24409723281860352, 0.1313772201538086, 0.18267416954040527, 0.18952250480651855, 0.144755363464355
47, 0.15886688232421875, 0.14582300186157227, 0.0989835262298584, 0.06831240653991699, 0.07400202751159668, 0.048999786376953125, 0.06452727317810059, 0.05075526237487793, 0.08176302909851074, 0.0671074390411377, 0.04576539993286133
, 0.06038641929626465, 0.09217095375061035, 0.13898015022277832, 0.13339757919311523, 0.18245506286621094, 0.1451561450958252, 0.15018296241760254, 0.12684869766235352, 0.11697602272033691, 0.12006878852844238, 0.12506985664367676]
Backtracks-------------------------------
[0, 0, 0, 0, 0, 0, 0, 0, 0, 0, 0, 0, 0, 0, 0, 0, 0, 0, 0, 0, 0, 0, 0, 0, 0, 0, 0, 0, 0, 0, 0, 0, 0, 0, 0, 0, 0, 0, 0, 0, 0, 0, 0, 0, 0, 0, 0, 0, 0, 0, 0, 0, 0, 0, 0, 0, 0, 0, 0, 0, 0, 0, 0, 0, 0, 0, 0, 0, 0, 0, 0, 0, 0, 0, 0, 0, 0,
0, 0, 0, 0, 0, 0, 0, 0, 0, 0, 0, 0, 0, 0, 0, 0, 0, 0, 0, 0, 0, 0, 0, 0, 0, 0, 0, 0, 0, 0, 0, 0, 0, 0, 0, 0, 0, 0, 0, 0, 0, 0, 0, 0, 0, 0, 0, 0, 0, 0, 0, 0, 0, 0, 0, 0, 0, 0, 0, 0, 0, 0, 0, 0, 0, 0, 0, 0, 0, 0, 0, 0, 0, 0, 0, 0, 0, 0
, 0, 0, 0, 0, 0, 0, 0, 0, 0, 0, 0, 0, 0, 0, 0, 0, 0, 0, 0, 0, 0, 0, 0, 0, 0, 0, 0, 0, 0, 0, 0, 0, 0, 0, 0, 0, 0, 0, 0, 0, 0, 0, 0, 0, 0, 0, 0, 0, 0, 0, 0, 0, 0, 0, 0, 0, 0, 0, 0, 0, 0, 0, 0, 0, 0, 0, 0, 0, 0, 0, 0, 0, 0, 0, 0, 0, 0,
 0, 0, 0, 0, 0, 0, 0, 0, 0, 0, 0, 0, 0, 0, 0, 0, 0, 0, 0, 0, 0, 0, 0, 0, 0, 0, 0, 0, 0, 0, 0, 0, 0, 0, 0, 0, 0, 0, 0, 0, 0, 0, 0, 0, 0, 0, 0, 0, 0, 0, 0, 0, 0, 0, 0, 0, 0, 0, 0, 0, 0, 0, 0, 0, 0, 0, 0, 0, 0, 0, 0, 0, 0, 0, 0, 0, 0,
0, 0, 0, 0, 0, 0, 0, 0, 0, 0, 0, 0, 0, 0, 0, 0, 0, 0, 0, 0, 0, 0, 0, 0, 0, 0, 0, 0, 0, 0, 0, 0, 0, 0, 0, 0, 0, 0, 0, 0, 0, 0, 0, 0, 0, 0, 0, 0, 0, 0, 0, 0, 0, 0, 0, 0, 0, 0, 0, 0, 0, 0, 0, 0, 0, 0, 0, 0, 0, 0, 0, 0, 0, 0, 0, 0, 0, 0
, 0, 0, 0, 0, 0, 0, 0, 0, 0, 0, 0, 0, 0, 0, 0, 0, 0, 0, 0, 0, 0, 0, 0, 0, 0, 0, 0, 0, 0, 0, 0, 0, 0, 0, 0, 0, 0, 0, 0, 0, 0, 0, 0, 0, 0, 0, 0, 0, 0, 0, 0, 0, 0, 0, 0, 0, 0, 0, 0, 0, 0, 0, 0, 0, 0, 0, 0, 0, 0, 0, 0, 0, 0, 0, 0, 0, 0,
 0, 0, 0, 0, 0, 0, 0, 0, 0, 0, 0, 0, 0, 0, 0, 0, 0, 0, 0, 0, 0, 0, 0, 0, 0, 0, 0, 0, 0, 0, 0, 0, 0, 0, 0, 0, 0, 0, 0, 0, 0, 0, 0, 0, 0, 0, 0, 0, 0, 0, 0, 0, 0, 0, 0, 0, 0, 0, 0, 0, 0, 0, 0, 0, 0, 0, 0, 0, 0]
[0, 0, 0, 0, 0, 0, 0, 0, 0, 0, 0, 0, 0, 0, 0, 0, 0, 0, 0, 0, 0, 0, 0, 0, 0, 0, 0, 0, 0, 0, 0, 0, 0, 0, 0, 0, 0, 0, 0, 0, 0, 0, 0, 0, 0, 0, 0, 0, 0, 0, 0, 0, 0, 0, 0, 0, 0, 0, 0, 0, 0, 0, 0, 0, 0, 0, 0, 0, 0, 0, 0, 0, 0, 0, 0, 0, 0,
0, 0, 0, 0, 0, 0, 0, 0, 0, 0, 0, 0, 0, 0, 0, 0, 0, 0, 0, 0, 0, 0, 0, 0, 0, 0, 0, 0, 0, 0, 0, 0, 0, 0, 0, 0, 0, 0, 0, 0, 0, 0, 0, 0, 0, 0, 0, 0, 0, 0, 0, 0, 0, 0, 0, 0, 0, 0, 0, 0, 0, 0, 0, 0, 0, 0, 0, 0, 0, 0, 0, 0, 0, 0, 0, 0, 0, 0
, 0, 0, 0, 0, 0, 0, 0, 0, 0, 0, 0, 0, 0, 0, 0, 0, 0, 0, 0, 0, 0, 0, 0, 0, 0, 0, 0, 0, 0, 0, 0, 0, 0, 0, 0, 0, 0, 0, 0, 0, 0, 0, 0, 0, 0, 0, 0, 0, 0, 0, 0, 0, 0, 0, 0, 0, 0, 0, 0, 0, 0, 0, 0, 0, 0, 0, 0, 0, 0, 0, 0, 0, 0, 0, 0, 0, 0,
 0, 0, 0, 0, 0, 0, 0, 0, 0, 0, 0, 0, 0, 0, 0, 0, 0, 0, 0, 0, 0, 0, 0, 0, 0, 0, 0, 0, 0, 0, 0, 0, 0, 0, 0, 0, 0, 0, 0, 0, 0, 0, 0, 0, 0, 0, 0, 0, 0, 0, 0, 0, 0, 0, 0, 0, 0, 0, 0, 0, 0, 0, 0, 0, 0, 0, 0, 0, 0, 0, 0, 0, 0, 0, 0, 0, 0,
0, 0, 0, 0, 0, 0, 0, 0, 0, 0, 0, 0, 0, 0, 0, 0, 0, 0, 0, 0, 0, 0, 0, 0, 0, 0, 0, 0, 0, 0, 0, 0, 0, 0, 0, 0, 0, 0, 0, 0, 0, 0, 0, 0, 0, 0, 0, 0, 0, 0, 0, 0, 0, 0, 0, 0, 0, 0, 0, 0, 0, 0, 0, 0, 0, 0, 0, 0, 0, 0, 0, 0, 0, 0, 0, 0, 0, 0
, 0, 0, 0, 0, 0, 0, 0, 0, 0, 0, 0, 0, 0, 0, 0, 0, 0, 0, 0, 0, 0, 0, 0, 0, 0, 0, 0, 0, 0, 0, 0, 0, 0, 0, 0, 0, 0, 0, 0, 0, 0, 0, 0, 0, 0, 0, 0, 0, 0, 0, 0, 0, 0, 0, 0, 0, 0, 0, 0, 0, 0, 0, 0, 0, 0, 0, 0, 0, 0, 0, 0, 0, 0, 0, 0, 0, 0,
 0, 0, 0]
Unit calls--------------------------------
[80, 83, 89, 59, 59, 59, 112, 83, 80, 59, 59, 59, 59, 59, 59, 59, 59, 59, 77, 59, 59, 59, 59, 59, 59, 59, 59, 59, 59, 59, 59, 59, 59, 59, 59, 59, 86, 59, 59, 59, 59, 59, 59, 59, 59, 102, 59, 59, 59, 59, 59, 59, 59, 59, 59, 89, 59, 5
9, 80, 59, 59, 77, 59, 59, 59, 59, 59, 59, 59, 59, 80, 59, 59, 59, 59, 84, 59, 59, 59, 83, 59, 59, 83, 96, 80, 59, 89, 59, 59, 59, 59, 59, 59, 59, 59, 89, 80, 59, 59, 59, 83, 59, 59, 59, 83, 59, 59, 59, 59, 59, 59, 59, 59, 59, 98, 5
9, 59, 59, 59, 59, 59, 80, 59, 59, 84, 59, 59, 59, 59, 59, 84, 59, 59, 59, 59, 59, 59, 59, 102, 59, 59, 59, 59, 59, 59, 59, 59, 59, 108, 59, 59, 59, 59, 59, 59, 59, 59, 80, 59, 59, 59, 59, 59, 59, 59, 91, 90, 59, 59, 59, 59, 59, 84,
 59, 59, 59, 87, 59, 59, 80, 59, 59, 102, 59, 59, 59, 84, 59, 59, 59, 99, 59, 59, 59, 59, 59, 59, 59, 77, 89, 59, 80, 59, 59, 59, 84, 59, 59, 77, 59, 59, 59, 59, 59, 59, 84, 59, 80, 59, 59, 59, 59, 77, 59, 88, 59, 59, 59, 59, 59, 90
, 97, 83, 59, 59, 59, 59, 59, 83, 59, 59, 59, 59, 59, 59, 59, 59, 59, 59, 59, 59, 59, 59, 59, 59, 59, 59, 59, 59, 59, 80, 59, 59, 59, 59, 59, 59, 59, 59, 59, 59, 59, 84, 59, 59, 59, 97, 59, 59, 59, 80, 59, 59, 59, 59, 59, 59, 59, 59
, 59, 59, 59, 59, 89, 59, 59, 59, 59, 77, 59, 86, 59, 80, 80, 59, 59, 59, 59, 59, 59, 59, 59, 59, 59, 59, 59, 93, 59, 59, 59, 59, 59, 59, 59, 59, 59, 95, 59, 59, 59, 90, 59, 59, 84, 59, 59, 59, 59, 59, 108, 59, 59, 59, 59, 59, 59, 5
9, 59, 59, 59, 59, 94, 90, 59, 59, 59, 77, 59, 59, 59, 59, 59, 59, 59, 59, 59, 59, 95, 59, 59, 59, 107, 59, 59, 59, 59, 89, 89, 59, 59, 59, 59, 59, 59, 80, 59, 77, 59, 59, 59, 108, 59, 59, 59, 59, 59, 59, 59, 59, 59, 59, 59, 59, 59,
 59, 59, 59, 92, 59, 59, 59, 59, 59, 59, 59, 80, 59, 93, 59, 59, 96, 96, 59, 59, 59, 59, 59, 59, 59, 59, 84, 59, 59, 102, 59, 59, 59, 59, 97, 59, 59, 59, 80, 59, 59, 59, 59, 59, 77, 59, 59, 59, 112, 59, 59, 59, 83, 59, 59, 93, 59, 5
9, 59, 59, 96, 83, 59, 59, 59, 59, 59, 112, 59, 59, 59, 59, 59, 59, 59, 59, 80, 59, 59, 59, 59, 59, 59, 59, 59, 59, 59, 59, 59, 59, 59, 59, 59, 59, 94, 80, 89, 80, 59, 59, 59, 77, 59, 80, 59, 59, 59, 59, 59, 59, 59, 59, 59, 59, 59,
59, 59, 59, 59, 59, 59, 59, 59, 83, 59, 59, 59, 59, 59]
[57, 57, 57, 57, 57, 57, 57, 57, 57, 82, 57, 57, 57, 57, 57, 57, 57, 57, 57, 81, 57, 57, 80, 80, 57, 57, 88, 57, 57, 57, 57, 57, 57, 57, 57, 57, 57, 57, 57, 57, 57, 57, 57, 57, 57, 57, 57, 57, 57, 57, 57, 81, 57, 57, 57, 57, 57, 81,
 57, 57, 57, 57, 57, 57, 57, 57, 57, 57, 57, 57, 57, 79, 57, 57, 82, 57, 57, 57, 57, 57, 57, 57, 57, 57, 57, 57, 57, 57, 57, 57, 98, 57, 57, 57, 57, 57, 57, 57, 57, 57, 57, 80, 57, 57, 57, 81, 57, 57, 57, 57, 57, 57, 57, 57, 57, 57,
 57, 57, 57, 57, 57, 57, 57, 57, 57, 57, 57, 57, 57, 57, 57, 57, 57, 57, 57, 57, 57, 80, 57, 57, 57, 57, 57, 57, 57, 57, 57, 57, 57, 57, 57, 57, 57, 57, 57, 57, 57, 57, 57, 88, 57, 57, 57, 57, 81, 57, 57, 57, 57, 57, 57, 57, 57, 57,
 57, 57, 57, 57, 57, 57, 57, 57, 57, 57, 57, 57, 57, 57, 81, 57, 57, 57, 57, 57, 57, 57, 57, 57, 57, 57, 57, 57, 57, 57, 57, 57, 57, 57, 57, 57, 57, 57, 57, 57, 57, 57, 57, 57, 57, 57, 57, 57, 57, 57, 57, 81, 57, 57, 57, 57, 57, 57,
 81, 57, 57, 57, 57, 57, 99, 57, 57, 57, 57, 57, 57, 57, 57, 57, 57, 57, 57, 57, 81, 57, 57, 57, 57, 80, 57, 57, 57, 57, 57, 57, 57, 57, 57, 80, 57, 57, 57, 85, 57, 57, 57, 57, 57, 57, 57, 95, 57, 57, 57, 57, 57, 57, 81, 57, 57, 57,
 57, 57, 57, 57, 98, 57, 57, 57, 57, 57, 57, 57, 57, 57, 57, 57, 57, 57, 95, 57, 57, 57, 57, 57, 81, 57, 57, 57, 82, 57, 57, 57, 57, 57, 57, 80, 57, 57, 57, 57, 57, 90, 57, 57, 81, 57, 57, 57, 57, 57, 57, 81, 57, 57, 57, 57, 57, 57,
 57, 57, 57, 89, 57, 57, 57, 57, 57, 57, 57, 57, 81, 57, 57, 57, 57, 57, 57, 57, 57, 57, 81, 57, 57, 57, 57, 57, 57, 57, 57, 57, 57, 57, 81, 57, 57, 57, 57, 57, 57, 57, 57, 57, 57, 57, 57, 57, 85, 57, 57, 57, 57, 57, 57, 57, 57, 57,
 57, 57, 81, 57, 57, 57, 57, 57, 57, 57, 57, 57, 81, 57, 57, 57, 57, 57, 57, 57, 57, 57, 57, 57, 57, 57, 57, 57, 57, 57, 57, 57, 57, 57, 80, 57, 57, 57, 57, 57, 57, 57, 57, 57, 57, 57, 57, 57, 57, 57, 57, 57, 57, 57, 57, 57, 57, 57,
 57, 57, 57]

Heuristic 2
durations--------------------------------
[0.12261080741882324, 0.13838648796081543, 0.14642000198364258, 0.20833063125610352, 0.2470989227294922, 0.21540069580078125, 0.14583826065063477, 0.05503582954406738, 0.06438302993774414, 0.10113978385925293, 0.0881812572479248, 0.
08619570732116699, 0.09295487403869629, 0.09605789184570312, 0.07120108604431152, 0.059148311614990234, 0.2539968490600586, 0.19866633415222168, 0.36635422706604004, 0.2445828914642334, 0.12525606155395508, 0.3310544490814209, 0.739
3684387207031, 0.4288637638092041, 0.26848649978637695, 0.19762110710144043, 0.12915420532226562, 0.2697756290435791, 0.20424890518188477, 0.12593793869018555, 0.09922909736633301, 0.06617450714111328, 0.0721743106842041, 0.23073434
829711914, 0.2695732116699219, 0.12468194961547852, 0.1584305763244629, 0.3017921447753906, 0.15381503105163574, 0.22156167030334473, 0.2867879867553711, 0.3140437602996826, 0.28084492683410645, 0.14971470832824707, 0.13940167427062
988, 0.08420300483703613, 0.07700347900390625, 0.15238499641418457, 0.08178949356079102, 0.14811921119689941, 0.22192120552062988, 0.25058817863464355, 0.24869203567504883, 0.2349681854248047, 0.283261775970459, 0.17295360565185547,
 0.28983259201049805, 0.30385732650756836, 0.12299561500549316, 0.1495506763458252, 0.2578248977661133, 0.14823102951049805, 0.23019814491271973, 0.1345531940460205, 0.31679511070251465, 0.1332230567932129, 0.22682738304138184, 0.12
788653373718262, 0.1044015884399414, 0.08316826820373535, 0.08484554290771484, 0.2952721118927002, 0.3012993335723877, 0.15242600440979004, 0.24090814590454102, 0.1144709587097168, 0.13931703567504883, 0.28134727478027344, 0.2848873
1384277344, 0.11157894134521484, 0.17332744598388672, 0.24691247940063477, 0.13186049461364746, 0.13330912590026855, 0.16364622116088867, 0.22516250610351562, 0.1305851936340332, 0.125105619430542, 0.23304986953735352, 0.13152194023
132324, 0.11540675163269043, 0.14544939994812012, 0.22432637214660645, 0.23745203018188477, 0.12546420097351074, 0.13339591026306152, 0.13972902297973633, 0.14857125282287598, 0.25023818016052246, 0.2934856414794922, 0.1344892978668
213, 0.29697299003601074, 0.26077938079833984, 0.15118670463562012, 0.16582822799682617, 0.11604881286621094, 0.16923856735229492, 0.13306546211242676, 0.1306929588317871, 0.26296281814575195, 0.11385226249694824, 0.2808187007904053
, 0.18665027618408203, 0.17205381393432617, 0.15268516540527344, 0.3000175952911377, 0.22658491134643555, 0.26591992378234863, 0.3147876262664795, 0.20758676528930664, 0.11591839790344238, 0.16908049583435059, 0.21539092063903809, 0
.3130321502685547, 0.12866568565368652, 0.1826033592224121, 0.21575689315795898, 0.16051054000854492, 0.2896256446838379, 0.23066997528076172, 0.09953093528747559, 0.06599545478820801, 0.11157631874084473, 0.07178378105163574, 0.099
99966621398926, 0.1515214443206787, 0.16868305206298828, 0.25441598892211914, 0.15632009506225586, 0.21261835098266602, 0.24724555015563965, 0.27382636070251465, 0.2337343692779541, 0.2642521858215332, 0.2813746929168701, 0.27613878
25012207, 0.2631535530090332, 0.24244260787963867, 0.12970399856567383, 0.24880313873291016, 0.22142648696899414, 0.19550275802612305, 0.13039493560791016, 0.1332845687866211, 0.26662707328796387, 0.26054906845092773, 0.267814874649
04785, 0.15624356269836426, 0.22576308250427246, 0.19725322723388672, 0.14829444885253906, 0.2418842315673828, 0.2575976848602295, 0.14796233177185059, 0.16495275497436523, 0.1462557315826416, 0.1929636001586914, 0.24941587448120117
, 0.17356491088867188, 0.1328597068786621, 0.2732126712799072, 0.12123346328735352, 0.15252327919006348, 0.2628781795501709, 0.14797711372375488, 0.22854351997375488, 0.12024903297424316, 0.23230910301208496, 0.14305996894836426, 0.
16344046592712402, 0.15336322784423828, 0.12520480155944824, 0.14964628219604492, 0.19772768020629883, 0.20355844497680664, 0.21434473991394043, 0.13896632194519043, 0.15259981155395508, 0.2035808563232422, 0.21943211555480957, 0.17
72294044494629, 0.21694374084472656, 0.28035950660705566, 0.14864873886108398, 0.1701829433441162, 0.16083216667175293, 0.11554574966430664, 0.07014274597167969, 0.06011700630187988, 0.05899834632873535, 0.23049426078796387, 0.13134
86099243164, 0.28468823432922363, 0.1363985538482666, 0.15386033058166504, 0.13115262985229492, 0.25115156173706055, 0.23462295532226562, 0.13299846649169922, 0.1333472728729248, 0.2791929244995117, 0.10561609268188477, 0.1255593299
8657227, 0.12399053573608398, 0.12624621391296387, 0.0840153694152832, 0.08048295974731445, 0.10265278816223145, 0.10648155212402344, 0.23125457763671875, 0.19597363471984863, 0.23116302490234375, 0.15982961654663086, 0.132527828216
55273, 0.1573472023010254, 0.1726241111755371, 0.13164019584655762, 0.24839401245117188, 0.1631908416748047, 0.09477043151855469, 0.08177900314331055, 0.06788325309753418, 0.08182406425476074, 0.05915427207946777, 0.0468006134033203
1, 0.0645914077758789, 0.18800854682922363, 0.210374116897583, 0.14748787879943848, 0.16562461853027344, 0.2798008918762207, 0.24607610702514648, 0.3288717269897461, 0.2984344959259033, 0.25135231018066406, 0.2722785472869873, 0.098
66070747375488, 0.0604400634765625, 0.10108065605163574, 0.17314934730529785, 0.11926913261413574, 0.21962666511535645, 0.3231997489929199, 0.20342087745666504, 0.16791081428527832, 0.2295057773590088, 0.2170400619506836, 0.20161056
518554688, 0.11664509773254395, 0.06315422058105469, 0.06537175178527832, 0.11607885360717773, 0.10881900787353516, 0.07305097579956055, 0.09317207336425781, 0.11916375160217285, 0.20284700393676758, 0.2328038215637207, 0.1525962352
7526855, 0.29111599922180176, 0.13916826248168945, 0.2044692039489746, 0.11900758743286133, 0.2549874782562256, 0.23139238357543945, 0.23697996139526367, 0.18304061889648438, 0.1505289077758789, 0.14269351959228516, 0.15561056137084
96, 0.08213114738464355, 0.12511754035949707, 0.12596559524536133, 0.10604000091552734, 0.0877385139465332, 0.14354395866394043, 0.29863739013671875, 0.17876267433166504, 0.23900532722473145, 0.13053107261657715, 0.14418435096740723
, 0.2913801670074463, 0.12155342102050781, 0.054000139236450195, 0.08599662780761719, 0.06724166870117188, 0.1324312686920166, 0.23061180114746094, 0.16963744163513184, 0.16380953788757324, 0.15273642539978027, 0.133803129196167, 0.
1291334629058838, 0.12575387954711914, 0.11817717552185059, 0.16431498527526855, 0.13676905632019043, 0.09409546852111816, 0.16537928581237793, 0.12012934684753418, 0.07824397087097168, 0.2795703411102295, 0.24387598037719727, 0.257
3575973510742, 0.25511908531188965, 0.3171851634979248, 0.13322901725769043, 0.2309122085571289, 0.23275041580200195, 0.14309024810791016, 0.13815999031066895, 0.12617921829223633, 0.0790708065032959, 0.12766790390014648, 0.06928634
643554688, 0.056000471115112305, 0.055759429931640625, 0.11079239845275879, 0.2644622325897217, 0.13834452629089355, 0.13157415390014648, 0.1459944248199463, 0.10711264610290527, 0.11346745491027832, 0.08713316917419434, 0.048729419
70825195, 0.10801362991333008, 0.21081805229187012, 0.21688175201416016, 0.14128494262695312, 0.22365570068359375, 0.1941225528717041, 0.13189315795898438, 0.2313685417175293, 0.11233401298522949, 0.16774606704711914, 0.175847291946
41113, 0.15299105644226074, 0.05088472366333008, 0.07536101341247559, 0.09455585479736328, 0.05056357383728027, 0.05061984062194824, 0.09522271156311035, 0.12944912910461426, 0.18353509902954102, 0.133223295211792, 0.114051342010498
05, 0.21073365211486816, 0.26271629333496094, 0.21506476402282715, 0.19040393829345703, 0.10821914672851562, 0.07226896286010742, 0.04607248306274414, 0.05301380157470703, 0.09433436393737793, 0.05041861534118652, 0.0992884635925293
, 0.09823441505432129, 0.06679177284240723, 0.07107424736022949, 0.06805729866027832, 0.09732413291931152, 0.2191634178161621, 0.1787416934967041, 0.14633584022521973, 0.1319119930267334, 0.14809870719909668, 0.29738807678222656, 0.
1341569423675537, 0.22355866432189941, 0.19031620025634766, 0.10965085029602051, 0.1252903938293457, 0.11254072189331055, 0.12384510040283203, 0.07010555267333984, 0.09419059753417969, 0.11483550071716309, 0.07137632369995117, 0.111
28425598144531, 0.06409120559692383, 0.18658733367919922, 0.24451160430908203, 0.1880028247833252, 0.18218159675598145, 0.11493778228759766, 0.14196181297302246, 0.14257216453552246, 0.14942359924316406, 0.04784727096557617, 0.09809
446334838867, 0.049039363861083984, 0.08803868293762207, 0.07429385185241699, 0.0684347152709961, 0.048485755920410156, 0.10126614570617676, 0.08191943168640137, 0.08259272575378418, 0.05186629295349121, 0.06626200675964355, 0.09213
447570800781, 0.06951022148132324, 0.0424494743347168, 0.16574859619140625, 0.11826038360595703, 0.12058162689208984, 0.20715618133544922, 0.11642765998840332, 0.11570167541503906, 0.10362482070922852, 0.21407294273376465, 0.2096638
6795043945, 0.19587063789367676, 0.12133336067199707, 0.17563438415527344, 0.1981966495513916, 0.19838619232177734, 0.05045580863952637, 0.09546422958374023, 0.050588130950927734, 0.050687551498413086, 0.12329936027526855, 0.0781769
7525024414, 0.07642650604248047, 0.054170846939086914, 0.06625175476074219, 0.06587791442871094, 0.05079483985900879, 0.09409165382385254, 0.04811501502990723, 0.0732877254486084, 0.09429097175598145, 0.07053446769714355, 0.09312891
960144043, 0.03646230697631836, 0.12917470932006836, 0.17899584770202637, 0.16988301277160645, 0.20764446258544922, 0.11930060386657715, 0.1974039077758789, 0.2152848243713379, 0.18432879447937012, 0.11958527565002441, 0.18072676658
63037, 0.17047524452209473, 0.11435532569885254, 0.0941317081451416, 0.1160573959350586, 0.07733345031738281, 0.09644794464111328, 0.06618046760559082, 0.04565930366516113, 0.0742952823638916, 0.09810686111450195, 0.0818262100219726
6, 0.0932767391204834, 0.0988917350769043, 0.039446115493774414, 0.05062603950500488, 0.16337800025939941, 0.18250370025634766, 0.19817662239074707, 0.18363738059997559, 0.09687018394470215, 0.19249796867370605, 0.1715686321258545,
0.11751890182495117, 0.19180870056152344, 0.12531328201293945, 0.16988730430603027, 0.1664118766784668, 0.19626951217651367, 0.18242526054382324, 0.1986079216003418, 0.21347951889038086, 0.06625914573669434, 0.0506441593170166, 0.09
866023063659668, 0.06906867027282715, 0.06517648696899414, 0.08527040481567383, 0.07833528518676758, 0.08302021026611328, 0.09922909736633301, 0.057051897048950195, 0.040405988693237305, 0.059609174728393555, 0.05270838737487793, 0.
10817122459411621, 0.04621005058288574, 0.09755825996398926, 0.04948282241821289, 0.0826256275177002, 0.040456533432006836, 0.056798458099365234, 0.18433022499084473, 0.1936330795288086, 0.10938858985900879, 0.10650348663330078, 0.1
7983245849609375, 0.166900634765625, 0.18036246299743652, 0.20766353607177734, 0.15558576583862305, 0.20761752128601074, 0.12407350540161133, 0.11354637145996094, 0.1912686824798584, 0.05055713653564453, 0.05031466484069824, 0.05913
3052825927734, 0.09871602058410645, 0.08149003982543945, 0.06108546257019043, 0.05272531509399414, 0.11468005180358887, 0.04912376403808594, 0.11568284034729004, 0.05724215507507324]
[0.11937141418457031, 0.22530007362365723, 0.19088101387023926, 0.20757842063903809, 0.20612382888793945, 0.23849225044250488, 0.2066502571105957, 0.24651861190795898, 0.2158641815185547, 0.0971682071685791, 0.08015179634094238, 0.1
1682724952697754, 0.10216975212097168, 0.06500053405761719, 0.03941512107849121, 0.1864023208618164, 0.5527410507202148, 0.2757737636566162, 0.17755579948425293, 0.1820521354675293, 0.21133828163146973, 0.24129557609558105, 0.050495
62454223633, 0.05907177925109863, 0.06123542785644531, 0.07730865478515625, 0.06006455421447754, 0.09084844589233398, 0.12281203269958496, 0.11573648452758789, 0.07500028610229492, 0.08834099769592285, 0.24747586250305176, 0.2140498
161315918, 0.1344435214996338, 0.23297524452209473, 0.1656510829925537, 0.2239055633544922, 0.1553788185119629, 0.14112281799316406, 0.22374320030212402, 0.21485090255737305, 0.09745573997497559, 0.07512116432189941, 0.0539970397949
21875, 0.08238506317138672, 0.1166837215423584, 0.08434557914733887, 0.16425347328186035, 0.2416975498199463, 0.1446988582611084, 0.14913654327392578, 0.2800567150115967, 0.1556084156036377, 0.2379932403564453, 0.19681763648986816,
0.1427319049835205, 0.16951441764831543, 0.1505584716796875, 0.1251692771911621, 0.1123654842376709, 0.13747000694274902, 0.12107491493225098, 0.12028813362121582, 0.2635531425476074, 0.2816436290740967, 0.2646312713623047, 0.275367
25997924805, 0.24266958236694336, 0.21773982048034668, 0.21983838081359863, 0.1582472324371338, 0.1943376064300537, 0.2492222785949707, 0.145782470703125, 0.2144317626953125, 0.2382650375366211, 0.22038912773132324, 0.23526120185852
05, 0.23745012283325195, 0.11590409278869629, 0.2367384433746338, 0.24022912979125977, 0.2628347873687744, 0.27924656867980957, 0.231034517288208, 0.27952051162719727, 0.21913647651672363, 0.19734954833984375, 0.2545294761657715, 0.
17767071723937988, 0.26218414306640625, 0.2310028076171875, 0.22624826431274414, 0.23662877082824707, 0.20558524131774902, 0.2463672161102295, 0.19574737548828125, 0.27417421340942383, 0.1372816562652588, 0.20340347290039062, 0.0954
4515609741211, 0.2289426326751709, 0.24123549461364746, 0.23355770111083984, 0.18232202529907227, 0.22268462181091309, 0.2812185287475586, 0.19700241088867188, 0.15423297882080078, 0.2621893882751465, 0.25276637077331543, 0.22510194
778442383, 0.24329614639282227, 0.20586633682250977, 0.19776535034179688, 0.19933557510375977, 0.11851072311401367, 0.25052380561828613, 0.16430068016052246, 0.08614778518676758, 0.09905099868774414, 0.1072533130645752, 0.1007571220
3979492, 0.06200075149536133, 0.2312333583831787, 0.1882939338684082, 0.187086820602417, 0.20788359642028809, 0.2556142807006836, 0.19570660591125488, 0.212965726852417, 0.14401865005493164, 0.20093297958374023, 0.26166534423828125,
 0.16555500030517578, 0.11545658111572266, 0.18665766716003418, 0.16312432289123535, 0.26311779022216797, 0.21799278259277344, 0.24954938888549805, 0.14837098121643066, 0.2142038345336914, 0.11300802230834961, 0.11453866958618164, 0
.21385741233825684, 0.2847599983215332, 0.26207566261291504, 0.1548323631286621, 0.12477397918701172, 0.25521206855773926, 0.28729939460754395, 0.11934566497802734, 0.24139857292175293, 0.22110295295715332, 0.1808757781982422, 0.237
08462715148926, 0.20900201797485352, 0.1474132537841797, 0.19501519203186035, 0.1270279884338379, 0.2694401741027832, 0.16934823989868164, 0.12927770614624023, 0.20035481452941895, 0.12646055221557617, 0.14563322067260742, 0.1610481
7390441895, 0.14840173721313477, 0.26469969749450684, 0.26417040824890137, 0.16510319709777832, 0.21226882934570312, 0.19794631004333496, 0.06616401672363281, 0.09409379959106445, 0.10409855842590332, 0.06614303588867188, 0.12202358
24584961, 0.10006356239318848, 0.08745670318603516, 0.19391417503356934, 0.2117934226989746, 0.1693563461303711, 0.2585110664367676, 0.18681859970092773, 0.14293694496154785, 0.14626383781433105, 0.24775338172912598, 0.2637536525726
3184, 0.215684175491333, 0.1979963779449463, 0.16351056098937988, 0.11692595481872559, 0.07913088798522949, 0.11599993705749512, 0.08214187622070312, 0.09303951263427734, 0.1998894214630127, 0.23238253593444824, 0.18861985206604004,
 0.20472192764282227, 0.19629907608032227, 0.10106968879699707, 0.24799323081970215, 0.09608769416809082, 0.0879967212677002, 0.14162898063659668, 0.06275701522827148, 0.11471438407897949, 0.10213947296142578, 0.2146289348602295, 0.
16846537590026855, 0.11259317398071289, 0.23159122467041016, 0.1316382884979248, 0.20036673545837402, 0.09942412376403809, 0.1192164421081543, 0.11721158027648926, 0.09644603729248047, 0.12331128120422363, 0.13977766036987305, 0.132
33661651611328, 0.13757777214050293, 0.24200987815856934, 0.2478015422821045, 0.2303142547607422, 0.17735528945922852, 0.21515154838562012, 0.2323296070098877, 0.15455031394958496, 0.0877230167388916, 0.13115525245666504, 0.07718324
661254883, 0.20996832847595215, 0.21126270294189453, 0.12027573585510254, 0.19944524765014648, 0.2469334602355957, 0.13957691192626953, 0.1374809741973877, 0.11636805534362793, 0.21284747123718262, 0.12630057334899902, 0.12154364585
876465, 0.2520723342895508, 0.1952805519104004, 0.2266221046447754, 0.12937617301940918, 0.15842628479003906, 0.12232446670532227, 0.30869174003601074, 0.11623740196228027, 0.11015725135803223, 0.11532974243164062, 0.071045398712158
2, 0.07333850860595703, 0.16448211669921875, 0.11104965209960938, 0.29182934761047363, 0.26274943351745605, 0.15699362754821777, 0.14189648628234863, 0.2408313751220703, 0.12827777862548828, 0.15215563774108887, 0.22427940368652344,
 0.14871644973754883, 0.22444415092468262, 0.06615948677062988, 0.08012771606445312, 0.08800005912780762, 0.07314586639404297, 0.0900421142578125, 0.05359077453613281, 0.15763592720031738, 0.21927833557128906, 0.1213066577911377, 0.
26062464714050293, 0.20276689529418945, 0.2297499179840088, 0.10465002059936523, 0.09176039695739746, 0.050493717193603516, 0.060143470764160156, 0.1091153621673584, 0.10028314590454102, 0.12058687210083008, 0.24025487899780273, 0.1
760871410369873, 0.2155895233154297, 0.24974989891052246, 0.11449027061462402, 0.2061774730682373, 0.2175447940826416, 0.26289868354797363, 0.22597837448120117, 0.2005302906036377, 0.19129729270935059, 0.11783599853515625, 0.0694351
1962890625, 0.08944439888000488, 0.06499695777893066, 0.09917068481445312, 0.08177947998046875, 0.10105347633361816, 0.0663759708404541, 0.06599926948547363, 0.09911084175109863, 0.09874391555786133, 0.10727238655090332, 0.147659063
3392334, 0.10569310188293457, 0.20927858352661133, 0.20409274101257324, 0.22535181045532227, 0.13180303573608398, 0.18022847175598145, 0.21420788764953613, 0.08033227920532227, 0.10560846328735352, 0.09500694274902344, 0.06195640563
964844, 0.043471336364746094, 0.06612753868103027, 0.08700418472290039, 0.16207313537597656, 0.23090791702270508, 0.16573143005371094, 0.12275195121765137, 0.19618654251098633, 0.21906781196594238, 0.1257948875427246, 0.197599887847
9004, 0.1985006332397461, 0.22236943244934082, 0.11791396141052246, 0.14924001693725586, 0.09348607063293457, 0.06438398361206055, 0.18195271492004395, 0.21361064910888672, 0.09983062744140625, 0.20221996307373047, 0.221400499343872
07, 0.2297835350036621, 0.14163851737976074, 0.08738374710083008, 0.1072394847869873, 0.04900503158569336, 0.0821688175201416, 0.0864419937133789, 0.08269500732421875, 0.09020638465881348, 0.1475367546081543, 0.19106292724609375, 0.
13635849952697754, 0.19385981559753418, 0.10676407814025879, 0.13436245918273926, 0.18039202690124512, 0.2108018398284912, 0.1803421974182129, 0.2179114818572998, 0.2147655487060547, 0.1771392822265625, 0.09775042533874512, 0.100979
56657409668, 0.033457279205322266, 0.08365225791931152, 0.09845519065856934, 0.06726884841918945, 0.08191323280334473, 0.08180546760559082, 0.050641775131225586, 0.09847092628479004, 0.0960536003112793, 0.050562143325805664, 0.08377
933502197266, 0.10474681854248047, 0.11359000205993652, 0.18094563484191895, 0.1449265480041504, 0.1067805290222168, 0.1947031021118164, 0.1979207992553711, 0.1980757713317871, 0.08442473411560059, 0.08185625076293945, 0.07899832725
524902, 0.05514931678771973, 0.06624841690063477, 0.07742094993591309, 0.08142209053039551, 0.037139177322387695, 0.06513643264770508, 0.042452335357666016, 0.0975041389465332, 0.08991765975952148, 0.09533143043518066, 0.14766097068
78662, 0.224884033203125, 0.14162111282348633, 0.1797792911529541, 0.14823031425476074, 0.2465829849243164, 0.10075950622558594, 0.10630631446838379, 0.08815741539001465, 0.08638811111450195, 0.04619932174682617, 0.08189797401428223
, 0.1016075611114502, 0.08912515640258789, 0.07715034484863281, 0.08995866775512695, 0.05201530456542969, 0.08026528358459473, 0.0983893871307373, 0.08118200302124023, 0.06325674057006836, 0.10241842269897461, 0.08399796485900879, 0
.06015348434448242, 0.18138670921325684, 0.1643991470336914, 0.18576431274414062, 0.16676878929138184, 0.0965583324432373, 0.04850411415100098, 0.09803104400634766, 0.08246064186096191, 0.0740821361541748, 0.09746384620666504, 0.090
3017520904541, 0.0846261978149414, 0.06300139427185059, 0.1067497730255127, 0.09929776191711426, 0.15675806999206543, 0.19864463806152344, 0.14842796325683594, 0.20451140403747559, 0.10836005210876465, 0.17171549797058105, 0.1633617
877960205, 0.09648489952087402, 0.05071306228637695, 0.08190155029296875, 0.0809626579284668, 0.0920569896697998, 0.06229090690612793, 0.0783998966217041, 0.05582785606384277, 0.07582235336303711, 0.05649971961975098, 0.085168838500
97656, 0.07844042778015137, 0.08841609954833984, 0.07817339897155762, 0.08708381652832031, 0.06321454048156738, 0.09821486473083496, 0.06621503829956055, 0.08191990852355957]
Backtracks-------------------------------
[0, 0, 0, 0, 0, 0, 0, 0, 0, 0, 0, 0, 0, 0, 0, 0, 0, 0, 0, 0, 0, 0, 0, 0, 0, 0, 0, 0, 0, 0, 0, 0, 0, 0, 0, 0, 0, 0, 0, 0, 0, 0, 0, 0, 0, 0, 0, 0, 0, 0, 0, 0, 0, 0, 0, 0, 0, 0, 0, 0, 0, 0, 0, 0, 0, 0, 0, 0, 0, 0, 0, 0, 0, 0, 0, 0, 0,
0, 0, 0, 0, 0, 0, 0, 0, 0, 0, 0, 0, 0, 0, 0, 0, 0, 0, 0, 0, 0, 0, 0, 0, 0, 0, 0, 0, 0, 0, 0, 0, 0, 0, 0, 0, 0, 0, 0, 0, 0, 0, 0, 0, 0, 0, 0, 0, 0, 0, 0, 0, 0, 0, 0, 0, 0, 0, 0, 0, 0, 0, 0, 0, 0, 0, 0, 0, 0, 0, 0, 0, 0, 0, 0, 0, 0, 0
, 0, 0, 0, 0, 0, 0, 0, 0, 0, 0, 0, 0, 0, 0, 0, 0, 0, 0, 0, 0, 0, 0, 0, 0, 0, 0, 0, 0, 0, 0, 0, 0, 0, 0, 0, 0, 0, 0, 0, 0, 0, 0, 0, 0, 0, 0, 0, 0, 0, 0, 0, 0, 0, 0, 0, 0, 0, 0, 0, 0, 0, 0, 0, 0, 0, 0, 0, 0, 0, 0, 0, 0, 0, 0, 0, 0, 0,
 0, 0, 0, 0, 0, 0, 0, 0, 0, 0, 0, 0, 0, 0, 0, 0, 0, 0, 0, 0, 0, 0, 0, 0, 0, 0, 0, 0, 0, 0, 0, 0, 0, 0, 0, 0, 0, 0, 0, 0, 0, 0, 0, 0, 0, 0, 0, 0, 0, 0, 0, 0, 0, 0, 0, 0, 0, 0, 0, 0, 0, 0, 0, 0, 0, 0, 0, 0, 0, 0, 0, 0, 0, 0, 0, 0, 0,
0, 0, 0, 0, 0, 0, 0, 0, 0, 0, 0, 0, 0, 0, 0, 0, 0, 0, 0, 0, 0, 0, 0, 0, 0, 0, 0, 0, 0, 0, 0, 0, 0, 0, 0, 0, 0, 0, 0, 0, 0, 0, 0, 0, 0, 0, 0, 0, 0, 0, 0, 0, 0, 0, 0, 0, 0, 0, 0, 0, 0, 0, 0, 0, 0, 0, 0, 0, 0, 0, 0, 0, 0, 0, 0, 0, 0, 0
, 0, 0, 0, 0, 0, 0, 0, 0, 0, 0, 0, 0, 0, 0, 0, 0, 0, 0, 0, 0, 0, 0, 0, 0, 0, 0, 0, 0, 0, 0, 0, 0, 0, 0, 0, 0, 0, 0, 0, 0, 0, 0, 0, 0, 0, 0, 0, 0, 0, 0, 0, 0, 0, 0, 0, 0, 0, 0, 0, 0, 0, 0, 0, 0, 0, 0, 0, 0, 0, 0, 0, 0, 0, 0, 0, 0, 0,
 0, 0, 0, 0, 0, 0, 0, 0, 0, 0, 0, 0, 0, 0, 0, 0, 0, 0, 0, 0, 0, 0, 0, 0, 0, 0, 0, 0, 0, 0, 0, 0, 0, 0, 0, 0, 0, 0, 0, 0, 0, 0, 0, 0, 0, 0, 0, 0, 0, 0, 0, 0, 0, 0, 0, 0, 0, 0, 0, 0, 0, 0, 0, 0, 0, 0, 0, 0, 0]
[0, 0, 0, 0, 0, 0, 0, 0, 0, 0, 0, 0, 0, 0, 0, 0, 0, 0, 0, 0, 0, 0, 0, 0, 0, 0, 0, 0, 0, 0, 0, 0, 0, 0, 0, 0, 0, 0, 0, 0, 0, 0, 0, 0, 0, 0, 0, 0, 0, 0, 0, 0, 0, 0, 0, 0, 0, 0, 0, 0, 0, 0, 0, 0, 0, 0, 0, 0, 0, 0, 0, 0, 0, 0, 0, 0, 0,
0, 0, 0, 0, 0, 0, 0, 0, 0, 0, 0, 0, 0, 0, 0, 0, 0, 0, 0, 0, 0, 0, 0, 0, 0, 0, 0, 0, 0, 0, 0, 0, 0, 0, 0, 0, 0, 0, 0, 0, 0, 0, 0, 0, 0, 0, 0, 0, 0, 0, 0, 0, 0, 0, 0, 0, 0, 0, 0, 0, 0, 0, 0, 0, 0, 0, 0, 0, 0, 0, 0, 0, 0, 0, 0, 0, 0, 0
, 0, 0, 0, 0, 0, 0, 0, 0, 0, 0, 0, 0, 0, 0, 0, 0, 0, 0, 0, 0, 0, 0, 0, 0, 0, 0, 0, 0, 0, 0, 0, 0, 0, 0, 0, 0, 0, 0, 0, 0, 0, 0, 0, 0, 0, 0, 0, 0, 0, 0, 0, 0, 0, 0, 0, 0, 0, 0, 0, 0, 0, 0, 0, 0, 0, 0, 0, 0, 0, 0, 0, 0, 0, 0, 0, 0, 0,
 0, 0, 0, 0, 0, 0, 0, 0, 0, 0, 0, 0, 0, 0, 0, 0, 0, 0, 0, 0, 0, 0, 0, 0, 0, 0, 0, 0, 0, 0, 0, 0, 0, 0, 0, 0, 0, 0, 0, 0, 0, 0, 0, 0, 0, 0, 0, 0, 0, 0, 0, 0, 0, 0, 0, 0, 0, 0, 0, 0, 0, 0, 0, 0, 0, 0, 0, 0, 0, 0, 0, 0, 0, 0, 0, 0, 0,
0, 0, 0, 0, 0, 0, 0, 0, 0, 0, 0, 0, 0, 0, 0, 0, 0, 0, 0, 0, 0, 0, 0, 0, 0, 0, 0, 0, 0, 0, 0, 0, 0, 0, 0, 0, 0, 0, 0, 0, 0, 0, 0, 0, 0, 0, 0, 0, 0, 0, 0, 0, 0, 0, 0, 0, 0, 0, 0, 0, 0, 0, 0, 0, 0, 0, 0, 0, 0, 0, 0, 0, 0, 0, 0, 0, 0, 0
, 0, 0, 0, 0, 0, 0, 0, 0, 0, 0, 0, 0, 0, 0, 0, 0, 0, 0, 0, 0, 0, 0, 0, 0, 0, 0, 0, 0, 0, 0, 0, 0, 0, 0, 0, 0, 0, 0, 0, 0, 0, 0, 0, 0, 0, 0, 0, 0, 0, 0, 0, 0, 0, 0, 0, 0, 0, 0, 0, 0, 0, 0, 0, 0, 0, 0, 0, 0, 0, 0, 0, 0, 0, 0, 0, 0, 0,
 0, 0, 0]
Unit calls--------------------------------
[59, 59, 59, 76, 89, 76, 59, 59, 59, 76, 59, 76, 97, 85, 76, 59, 94, 59, 59, 82, 59, 83, 112, 112, 103, 76, 59, 86, 76, 83, 84, 59, 86, 80, 98, 59, 59, 99, 59, 76, 112, 96, 85, 59, 59, 59, 59, 89, 59, 112, 112, 89, 80, 80, 107, 59,
103, 84, 59, 59, 83, 59, 96, 59, 96, 59, 85, 83, 90, 59, 59, 84, 112, 59, 76, 59, 59, 98, 112, 59, 59, 84, 59, 59, 59, 86, 59, 59, 85, 59, 59, 59, 85, 90, 59, 59, 59, 59, 85, 102, 59, 89, 88, 59, 59, 59, 59, 59, 59, 85, 59, 87, 80,
59, 59, 84, 86, 76, 85, 90, 59, 59, 89, 86, 59, 76, 85, 59, 98, 76, 59, 59, 94, 59, 83, 107, 79, 83, 59, 84, 86, 90, 76, 96, 106, 91, 107, 96, 59, 90, 76, 76, 59, 59, 97, 112, 85, 59, 83, 76, 59, 76, 88, 59, 59, 59, 59, 89, 59, 59,
90, 59, 59, 89, 59, 85, 59, 82, 59, 59, 59, 59, 59, 83, 76, 90, 59, 59, 93, 87, 59, 80, 89, 59, 59, 112, 102, 59, 59, 59, 98, 59, 85, 59, 59, 59, 112, 90, 59, 59, 112, 59, 89, 102, 89, 59, 86, 59, 59, 90, 87, 80, 59, 59, 59, 59, 59,
 112, 79, 76, 59, 59, 59, 59, 59, 59, 85, 76, 59, 59, 86, 80, 99, 86, 104, 98, 80, 59, 112, 89, 59, 85, 93, 85, 80, 85, 86, 103, 83, 59, 59, 85, 102, 80, 86, 90, 86, 99, 59, 80, 59, 59, 59, 90, 76, 89, 59, 59, 112, 102, 59, 84, 89,
76, 59, 59, 99, 76, 96, 59, 59, 112, 76, 59, 59, 59, 91, 84, 59, 59, 59, 59, 59, 59, 59, 59, 84, 76, 98, 103, 59, 85, 98, 85, 107, 104, 59, 80, 76, 59, 59, 88, 59, 84, 59, 59, 59, 59, 94, 59, 59, 59, 59, 59, 88, 59, 112, 112, 85, 59
, 102, 84, 59, 80, 59, 76, 76, 112, 59, 90, 90, 59, 59, 84, 89, 76, 59, 59, 98, 89, 112, 76, 96, 59, 59, 59, 89, 59, 89, 90, 59, 59, 80, 79, 85, 76, 59, 59, 59, 104, 59, 112, 88, 59, 59, 59, 59, 59, 76, 93, 59, 96, 59, 80, 86, 76, 8
0, 59, 59, 59, 85, 59, 112, 59, 87, 76, 76, 59, 108, 79, 80, 59, 59, 76, 76, 59, 76, 59, 59, 112, 59, 59, 59, 99, 112, 88, 59, 89, 85, 85, 59, 85, 59, 59, 112, 83, 80, 59, 59, 76, 59, 85, 59, 76, 99, 76, 112, 59, 59, 86, 90, 112, 59
, 84, 112, 85, 59, 87, 80, 59, 59, 108, 85, 85, 59, 59, 80, 90, 80, 83, 112, 59, 59, 112, 85, 86, 91, 59, 80, 86, 59, 107, 59, 80, 76, 86, 76, 89, 84, 59, 59, 112, 85, 59, 86, 80, 84, 112, 59, 59, 59, 59, 97, 59, 90, 59, 89, 59, 59,
 76, 93, 59, 59, 85, 80, 85, 90, 76, 98, 59, 59, 84, 59, 59, 59, 85, 85, 59, 59, 89, 59, 89, 59]
[57, 91, 76, 76, 79, 91, 91, 91, 84, 57, 79, 86, 78, 66, 57, 65, 79, 87, 64, 57, 84, 80, 57, 57, 64, 79, 57, 57, 87, 84, 57, 87, 86, 84, 57, 81, 79, 78, 64, 65, 87, 80, 91, 57, 57, 86, 79, 64, 57, 79, 57, 57, 86, 57, 84, 79, 57, 57,
 79, 75, 79, 86, 79, 91, 84, 90, 91, 81, 84, 76, 84, 57, 65, 79, 57, 83, 91, 76, 81, 87, 57, 91, 86, 81, 86, 87, 80, 81, 66, 91, 57, 86, 75, 95, 82, 90, 90, 66, 91, 64, 65, 57, 87, 86, 81, 57, 81, 90, 78, 57, 87, 91, 83, 84, 84, 79,
 75, 57, 91, 81, 66, 75, 84, 79, 57, 79, 66, 79, 79, 84, 66, 78, 57, 87, 81, 65, 57, 57, 65, 79, 79, 79, 57, 86, 57, 57, 78, 99, 84, 66, 57, 84, 86, 57, 81, 81, 65, 86, 84, 57, 79, 57, 79, 64, 57, 87, 57, 57, 57, 57, 84, 86, 57, 86,
 66, 57, 66, 98, 57, 98, 81, 76, 65, 87, 66, 87, 85, 57, 57, 74, 86, 74, 81, 65, 79, 81, 91, 79, 87, 86, 87, 79, 76, 66, 57, 87, 66, 81, 90, 57, 73, 87, 84, 57, 57, 82, 57, 87, 86, 66, 79, 84, 86, 92, 84, 57, 84, 86, 76, 73, 86, 81,
 57, 84, 86, 65, 84, 81, 57, 87, 98, 87, 86, 79, 82, 57, 57, 92, 78, 81, 57, 65, 57, 91, 66, 79, 91, 57, 57, 83, 91, 86, 81, 57, 57, 84, 57, 57, 84, 57, 81, 57, 57, 81, 65, 65, 57, 91, 90, 57, 84, 86, 81, 64, 76, 57, 57, 84, 79, 76,
 86, 64, 79, 84, 57, 79, 84, 86, 86, 80, 84, 64, 57, 87, 57, 92, 84, 91, 57, 57, 84, 82, 81, 64, 57, 82, 92, 87, 57, 79, 86, 99, 84, 84, 64, 57, 65, 64, 79, 91, 64, 57, 84, 81, 57, 84, 87, 81, 57, 74, 76, 57, 87, 84, 57, 84, 84, 87,
 84, 86, 82, 57, 76, 84, 66, 78, 66, 57, 57, 87, 57, 57, 76, 76, 82, 79, 86, 79, 79, 86, 57, 84, 81, 64, 84, 81, 57, 90, 84, 57, 91, 84, 57, 90, 64, 57, 84, 95, 80, 90, 87, 82, 57, 64, 82, 84, 57, 57, 57, 91, 80, 87, 76, 86, 66, 91,
 66, 86, 57, 57, 79, 86, 57, 74, 87, 65, 80, 80, 57, 91, 81, 85, 57, 95, 87, 76, 76, 82, 82, 79, 87, 57, 91, 86, 82, 84, 86, 90, 65, 91, 57, 78, 90, 66, 91, 57, 81, 66, 79, 57, 91, 84, 90, 65, 86, 64, 78, 57, 86, 84, 84, 79, 86, 76,
 95, 76, 79]

Heuristic 4 
durations--------------------------------
[0.045340776443481445, 0.17607522010803223, 0.15241169929504395, 0.15006613731384277, 0.16920852661132812, 0.11065006256103516, 0.10588693618774414, 0.16301798820495605, 0.163038969039917, 0.1501908302307129, 0.15473294258117676, 0.
11638212203979492, 0.14043521881103516, 0.17841506004333496, 0.1555478572845459, 0.1268632411956787, 0.13515162467956543, 0.1608564853668213, 0.12946319580078125, 0.06609845161437988, 0.06582283973693848, 0.05239367485046387, 0.0638
0200386047363, 0.059998512268066406, 0.06218552589416504, 0.07427287101745605, 0.06616091728210449, 0.07038092613220215, 0.08812999725341797, 0.05975508689880371, 0.06622028350830078, 0.11497211456298828, 0.1254415512084961, 0.16399
550437927246, 0.16576266288757324, 0.13207054138183594, 0.1383500099182129, 0.1815335750579834, 0.11559796333312988, 0.13231205940246582, 0.13162612915039062, 0.16641759872436523, 0.1482219696044922, 0.1268329620361328, 0.1135418415
0695801, 0.14373373985290527, 0.1314699649810791, 0.12513136863708496, 0.07615470886230469, 0.0520021915435791, 0.06475639343261719, 0.08381509780883789, 0.08035492897033691, 0.06528520584106445, 0.08354353904724121, 0.0673615932464
5996, 0.12326455116271973, 0.16361665725708008, 0.17473840713500977, 0.14069676399230957, 0.13836669921875, 0.16964268684387207, 0.15918564796447754, 0.1442270278930664, 0.12599515914916992, 0.12441229820251465, 0.16479253768920898,
 0.13132095336914062, 0.12209892272949219, 0.17664194107055664, 0.12929153442382812, 0.13535118103027344, 0.16638946533203125, 0.12048983573913574, 0.14764714241027832, 0.12327384948730469, 0.11126518249511719, 0.15666961669921875,
0.11220264434814453, 0.162855863571167, 0.16260194778442383, 0.12836670875549316, 0.1636502742767334, 0.17360830307006836, 0.11199808120727539, 0.13156557083129883, 0.11664962768554688, 0.11718893051147461, 0.1393873691558838, 0.168
33853721618652, 0.11899065971374512, 0.12049078941345215, 0.1224052906036377, 0.18565821647644043, 0.1584160327911377, 0.11375856399536133, 0.13097596168518066, 0.13163089752197266, 0.15673208236694336, 0.16658401489257812, 0.127417
08755493164, 0.11818933486938477, 0.14828991889953613, 0.13381624221801758, 0.1869800090789795, 0.1501471996307373, 0.139237642288208, 0.1291346549987793, 0.14886116981506348, 0.1404273509979248, 0.13076996803283691, 0.1620254516601
5625, 0.16379690170288086, 0.12367010116577148, 0.15712881088256836, 0.14689397811889648, 0.15337610244750977, 0.14870095252990723, 0.11574530601501465, 0.14959025382995605, 0.1633906364440918, 0.13707852363586426, 0.132450103759765
62, 0.16430306434631348, 0.14423418045043945, 0.16865277290344238, 0.14595746994018555, 0.1655864715576172, 0.1715555191040039, 0.17518091201782227, 0.1338644027709961, 0.13825416564941406, 0.10121893882751465, 0.18033432960510254,
0.19807887077331543, 0.12141132354736328, 0.13936471939086914, 0.11789202690124512, 0.16518735885620117, 0.1295149326324463, 0.16071128845214844, 0.18028545379638672, 0.15881013870239258, 0.11674904823303223, 0.1669909954071045, 0.1
6330337524414062, 0.1362607479095459, 0.06626033782958984, 0.06609368324279785, 0.09914684295654297, 0.05799674987792969, 0.07905149459838867, 0.05600261688232422, 0.05299782752990723, 0.05476188659667969, 0.07100152969360352, 0.137
80760765075684, 0.11051464080810547, 0.12743854522705078, 0.1221466064453125, 0.15939569473266602, 0.14329862594604492, 0.13194751739501953, 0.11417531967163086, 0.15914487838745117, 0.1740860939025879, 0.14553022384643555, 0.161381
72149658203, 0.14127707481384277, 0.16367173194885254, 0.14585518836975098, 0.1324777603149414, 0.13240814208984375, 0.15067291259765625, 0.149336576461792, 0.13632798194885254, 0.1223137378692627, 0.12606096267700195, 0.13643336296
081543, 0.14806771278381348, 0.1780071258544922, 0.1007838249206543, 0.1640462875366211, 0.15228676795959473, 0.14709877967834473, 0.1273186206817627, 0.16944384574890137, 0.1685161590576172, 0.11999106407165527, 0.14069056510925293
, 0.15891432762145996, 0.10353922843933105, 0.1314713954925537, 0.16551637649536133, 0.19142556190490723, 0.1222374439239502, 0.1321244239807129, 0.14641785621643066, 0.18482160568237305, 0.11131834983825684, 0.1484222412109375, 0.1
3208770751953125, 0.1571061611175537, 0.1334521770477295, 0.14519214630126953, 0.10135078430175781, 0.15033173561096191, 0.11680078506469727, 0.13437628746032715, 0.1316680908203125, 0.12961792945861816, 0.11680865287780762, 0.11572
17025756836, 0.16556906700134277, 0.1663053035736084, 0.12119102478027344, 0.12945055961608887, 0.1407759189605713, 0.12634491920471191, 0.14997315406799316, 0.17668557167053223, 0.1647472381591797, 0.13136029243469238, 0.1283373832
7026367, 0.11933612823486328, 0.16270947456359863, 0.13194489479064941, 0.11710572242736816, 0.14078879356384277, 0.16495823860168457, 0.1139986515045166, 0.1162564754486084, 0.18188858032226562, 0.1595304012298584, 0.07776069641113
281, 0.06620597839355469, 0.08540487289428711, 0.0471193790435791, 0.06614303588867188, 0.05835580825805664, 0.07303333282470703, 0.05817461013793945, 0.1243126392364502, 0.11837339401245117, 0.1522517204284668, 0.2018282413482666,
0.13899588584899902, 0.13359451293945312, 0.12953758239746094, 0.13123273849487305, 0.14725923538208008, 0.13867473602294922, 0.13274812698364258, 0.11275410652160645, 0.1785109043121338, 0.1327531337738037, 0.16486430168151855, 0.1
2280726432800293, 0.05312013626098633, 0.06643915176391602, 0.09393763542175293, 0.07035970687866211, 0.06812810897827148, 0.07500100135803223, 0.07183980941772461, 0.06940722465515137, 0.03814053535461426, 0.09801554679870605, 0.08
21537971496582, 0.05138444900512695, 0.1126711368560791, 0.15338754653930664, 0.14317941665649414, 0.12894368171691895, 0.16940665245056152, 0.13276100158691406, 0.13054680824279785, 0.13188767433166504, 0.11503458023071289, 0.13302
850723266602, 0.13163542747497559, 0.1652827262878418, 0.18181681632995605, 0.15380263328552246, 0.10950469970703125, 0.06783270835876465, 0.06799769401550293, 0.0693974494934082, 0.08182406425476074, 0.06520605087280273, 0.06627750
396728516, 0.052039384841918945, 0.05639004707336426, 0.15078377723693848, 0.1971604824066162, 0.1345844268798828, 0.12984538078308105, 0.131134033203125, 0.13302993774414062, 0.12877249717712402, 0.12731409072875977, 0.164084434509
27734, 0.12705707550048828, 0.08881187438964844, 0.06655526161193848, 0.06525707244873047, 0.0790860652923584, 0.0489962100982666, 0.06921172142028809, 0.06522202491760254, 0.06250333786010742, 0.0847926139831543, 0.1382668018341064
5, 0.13439679145812988, 0.12642264366149902, 0.10440850257873535, 0.13160324096679688, 0.11523747444152832, 0.14853835105895996, 0.1439971923828125, 0.10365891456604004, 0.11664342880249023, 0.13164758682250977, 0.15825939178466797,
 0.15007615089416504, 0.13052892684936523, 0.06389093399047852, 0.037096261978149414, 0.0992431640625, 0.04630899429321289, 0.07839822769165039, 0.1397533416748047, 0.16456913948059082, 0.10545897483825684, 0.14029383659362793, 0.14
147639274597168, 0.12338709831237793, 0.11045074462890625, 0.1323401927947998, 0.14978718757629395, 0.08233141899108887, 0.08276891708374023, 0.08185815811157227, 0.05199933052062988, 0.043801307678222656, 0.08645033836364746, 0.061
33222579956055, 0.06528806686401367, 0.05600309371948242, 0.14049458503723145, 0.1143496036529541, 0.1313169002532959, 0.16292452812194824, 0.12204718589782715, 0.1481025218963623, 0.14620137214660645, 0.158888578414917, 0.124427556
99157715, 0.12066864967346191, 0.11855483055114746, 0.07044219970703125, 0.06699967384338379, 0.08720993995666504, 0.07313299179077148, 0.09418630599975586, 0.0743403434753418, 0.06300091743469238, 0.04999899864196777, 0.05137300491
333008, 0.06612873077392578, 0.06609463691711426, 0.1512162685394287, 0.12233781814575195, 0.16706538200378418, 0.15527033805847168, 0.13753366470336914, 0.14141416549682617, 0.1626436710357666, 0.15347027778625488, 0.12530946731567
383, 0.15045976638793945, 0.13235068321228027, 0.1611630916595459, 0.1283130645751953, 0.1369614601135254, 0.12665867805480957, 0.08392977714538574, 0.07172632217407227, 0.08353114128112793, 0.09747552871704102, 0.059752702713012695
, 0.07808375358581543, 0.05999898910522461, 0.1476736068725586, 0.16620516777038574, 0.17527318000793457, 0.13978075981140137, 0.21262812614440918, 0.11213517189025879, 0.19860506057739258, 0.154069185256958, 0.11209321022033691, 0.
09836935997009277, 0.07514357566833496, 0.10400223731994629, 0.06111907958984375, 0.08407163619995117, 0.07824516296386719, 0.05199551582336426, 0.06743979454040527, 0.11493086814880371, 0.16483092308044434, 0.15750765800476074, 0.1
4424419403076172, 0.11922788619995117, 0.13544726371765137, 0.12773370742797852, 0.15414977073669434, 0.1294255256652832, 0.13946294784545898, 0.12444591522216797, 0.13158607482910156, 0.14409613609313965, 0.11029958724975586, 0.152
4670124053955, 0.09345698356628418, 0.0684359073638916, 0.06161189079284668, 0.059996843338012695, 0.06117081642150879, 0.051000356674194336, 0.03972911834716797, 0.06606912612915039, 0.05060863494873047, 0.07299995422363281, 0.0397
3793983459473, 0.047696828842163086, 0.0812830924987793, 0.11144685745239258, 0.11610794067382812, 0.1163170337677002, 0.1399545669555664, 0.11494636535644531, 0.11395072937011719, 0.11376786231994629, 0.10803842544555664, 0.1153576
3740539551, 0.12859797477722168, 0.1233067512512207, 0.13542723655700684, 0.13057661056518555, 0.10871315002441406, 0.13169646263122559, 0.08399415016174316, 0.050801992416381836, 0.06525516510009766, 0.060050249099731445, 0.0538253
7841796875, 0.0506749153137207, 0.049956560134887695, 0.04720759391784668, 0.051047325134277344, 0.05070233345031738, 0.08175420761108398, 0.060709238052368164, 0.12316584587097168, 0.1073141098022461, 0.13622283935546875, 0.1346898
078918457, 0.14068198204040527, 0.12303590774536133, 0.09923744201660156, 0.14732098579406738, 0.11986112594604492, 0.12221789360046387, 0.10338258743286133, 0.11916565895080566, 0.10862517356872559, 0.12511467933654785, 0.116132974
62463379, 0.09108614921569824, 0.05780196189880371, 0.05249667167663574, 0.04669952392578125, 0.050504207611083984, 0.06238079071044922, 0.056258201599121094, 0.061708688735961914, 0.06620311737060547, 0.06674933433532715, 0.0637803
0776977539, 0.0575714111328125, 0.04882502555847168, 0.05040264129638672, 0.0652158260345459, 0.132401704788208, 0.11644148826599121, 0.1541595458984375, 0.11122369766235352, 0.12239217758178711, 0.1494889259338379, 0.12729716300964
355, 0.11665105819702148, 0.15056371688842773, 0.1242821216583252, 0.1316814422607422, 0.12935996055603027, 0.1139380931854248, 0.1323866844177246, 0.10132646560668945, 0.13510465621948242, 0.11017870903015137, 0.08171510696411133,
0.058807373046875, 0.058171749114990234, 0.048047780990600586, 0.07101011276245117, 0.05200314521789551, 0.06014442443847656, 0.07751321792602539, 0.06421971321105957, 0.05295896530151367, 0.05379080772399902, 0.08178377151489258, 0
.10625100135803223, 0.10097193717956543, 0.13051366806030273, 0.13425493240356445, 0.1454298496246338, 0.1300039291381836, 0.11834549903869629, 0.13527989387512207, 0.12230253219604492]
[0.05120134353637695, 0.06400322914123535, 0.05299544334411621, 0.11693358421325684, 0.12561297416687012, 0.10512137413024902, 0.11816120147705078, 0.1264200210571289, 0.1340475082397461, 0.12517380714416504, 0.13432645797729492, 0.
16468071937561035, 0.1773529052734375, 0.14123940467834473, 0.1446824073791504, 0.13942670822143555, 0.15870213508605957, 0.04955267906188965, 0.0610044002532959, 0.07020735740661621, 0.06599664688110352, 0.061032772064208984, 0.151
56221389770508, 0.13434290885925293, 0.14243674278259277, 0.11659741401672363, 0.14771437644958496, 0.13444089889526367, 0.11710095405578613, 0.13236689567565918, 0.14723539352416992, 0.14954566955566406, 0.14261531829833984, 0.1879
4775009155273, 0.16476821899414062, 0.17542624473571777, 0.14757990837097168, 0.14835000038146973, 0.1305694580078125, 0.16968727111816406, 0.1417381763458252, 0.16237401962280273, 0.13840985298156738, 0.12017154693603516, 0.1471967
6971435547, 0.044377803802490234, 0.05778050422668457, 0.06316757202148438, 0.0709993839263916, 0.06673932075500488, 0.06747198104858398, 0.09716963768005371, 0.0912325382232666, 0.14640092849731445, 0.12442684173583984, 0.165121316
90979004, 0.16658902168273926, 0.16574525833129883, 0.13047575950622559, 0.12650442123413086, 0.13099455833435059, 0.13640427589416504, 0.11664271354675293, 0.13169336318969727, 0.14797592163085938, 0.16177010536193848, 0.1204926967
6208496, 0.12621331214904785, 0.1321566104888916, 0.14131689071655273, 0.13373565673828125, 0.14736461639404297, 0.11164975166320801, 0.13125276565551758, 0.12391805648803711, 0.13567566871643066, 0.126145601272583, 0.14132046699523
926, 0.11855077743530273, 0.1385335922241211, 0.17110061645507812, 0.13600945472717285, 0.1820530891418457, 0.10975265502929688, 0.12221693992614746, 0.1453263759613037, 0.13207244873046875, 0.16258740425109863, 0.12678050994873047,
 0.15230464935302734, 0.11832332611083984, 0.1471724510192871, 0.15001726150512695, 0.19745922088623047, 0.11675167083740234, 0.16531991958618164, 0.1331331729888916, 0.12139058113098145, 0.13841843605041504, 0.14535284042358398, 0.
10868406295776367, 0.1011195182800293, 0.1323544979095459, 0.16924786567687988, 0.12356305122375488, 0.1503760814666748, 0.14131855964660645, 0.13742876052856445, 0.1398906707763672, 0.13228130340576172, 0.12598848342895508, 0.15671
396255493164, 0.14470696449279785, 0.13575410842895508, 0.11625170707702637, 0.1620795726776123, 0.19115519523620605, 0.17148661613464355, 0.1602945327758789, 0.1346416473388672, 0.13908147811889648, 0.16563773155212402, 0.163216829
29992676, 0.14363718032836914, 0.13788914680480957, 0.14552617073059082, 0.14797234535217285, 0.07446002960205078, 0.061165571212768555, 0.08119463920593262, 0.057999610900878906, 0.04743242263793945, 0.07799816131591797, 0.06339859
962463379, 0.07512354850769043, 0.10355138778686523, 0.1724555492401123, 0.1640923023223877, 0.10781645774841309, 0.1328425407409668, 0.1322622299194336, 0.13533997535705566, 0.1210014820098877, 0.14043426513671875, 0.13176226615905
762, 0.1849217414855957, 0.12537050247192383, 0.18559646606445312, 0.15760397911071777, 0.1841878890991211, 0.11574268341064453, 0.16795873641967773, 0.12999272346496582, 0.14187026023864746, 0.12924551963806152, 0.1265418529510498,
 0.17563843727111816, 0.14574813842773438, 0.16852116584777832, 0.10831475257873535, 0.1470475196838379, 0.14374089241027832, 0.1358025074005127, 0.14339852333068848, 0.12831664085388184, 0.16573286056518555, 0.1339716911315918, 0.1
3010716438293457, 0.16507816314697266, 0.13232922554016113, 0.13249778747558594, 0.19760513305664062, 0.13227128982543945, 0.16372036933898926, 0.13874220848083496, 0.13260722160339355, 0.15016388893127441, 0.11199283599853516, 0.12
625575065612793, 0.12856698036193848, 0.13201665878295898, 0.19951128959655762, 0.18010592460632324, 0.15491819381713867, 0.09981322288513184, 0.16351628303527832, 0.11404824256896973, 0.13628268241882324, 0.13753795623779297, 0.123
62885475158691, 0.1296381950378418, 0.14502978324890137, 0.14738154411315918, 0.15012907981872559, 0.13074803352355957, 0.10684728622436523, 0.14388227462768555, 0.1214590072631836, 0.15733718872070312, 0.15114426612854004, 0.148835
8974456787, 0.12299823760986328, 0.11671280860900879, 0.1112060546875, 0.17562079429626465, 0.1321103572845459, 0.15612554550170898, 0.15550494194030762, 0.130723237991333, 0.06401371955871582, 0.05908203125, 0.08514785766601562, 0.
04999947547912598, 0.051999807357788086, 0.07122611999511719, 0.08944225311279297, 0.10907888412475586, 0.13290715217590332, 0.18412280082702637, 0.12499141693115234, 0.12339115142822266, 0.1780407428741455, 0.13433384895324707, 0.1
1499953269958496, 0.1355290412902832, 0.12942004203796387, 0.1280531883239746, 0.14988064765930176, 0.11584782600402832, 0.14790582656860352, 0.1340808868408203, 0.11510300636291504, 0.14620661735534668, 0.09499979019165039, 0.06599
617004394531, 0.0730428695678711, 0.0633699893951416, 0.15348577499389648, 0.13143515586853027, 0.13077807426452637, 0.11622858047485352, 0.14826345443725586, 0.13121271133422852, 0.13246512413024902, 0.12446975708007812, 0.11099863
052368164, 0.12569832801818848, 0.05900239944458008, 0.06615233421325684, 0.06788325309753418, 0.05742168426513672, 0.07416629791259766, 0.05111551284790039, 0.06616783142089844, 0.052997589111328125, 0.0994710922241211, 0.098635911
94152832, 0.1497499942779541, 0.1042625904083252, 0.15694975852966309, 0.16458868980407715, 0.16657280921936035, 0.12986230850219727, 0.1342329978942871, 0.12186336517333984, 0.16847634315490723, 0.11563777923583984, 0.1321394443511
963, 0.1174778938293457, 0.1222844123840332, 0.050589561462402344, 0.04800009727478027, 0.06721639633178711, 0.08552813529968262, 0.0942997932434082, 0.06612324714660645, 0.06716322898864746, 0.06617498397827148, 0.10051941871643066
, 0.13838505744934082, 0.14820098876953125, 0.17304539680480957, 0.12239718437194824, 0.13257670402526855, 0.15469074249267578, 0.1086580753326416, 0.13981866836547852, 0.10907721519470215, 0.13633012771606445, 0.14891505241394043,
0.07806539535522461, 0.0688316822052002, 0.0826103687286377, 0.09408831596374512, 0.07182717323303223, 0.04999661445617676, 0.08327507972717285, 0.0851736068725586, 0.04913520812988281, 0.062181949615478516, 0.1250913143157959, 0.15
680742263793945, 0.12216949462890625, 0.20518970489501953, 0.14025521278381348, 0.14017391204833984, 0.1519935131072998, 0.13828659057617188, 0.14431166648864746, 0.15217041969299316, 0.15494680404663086, 0.1634061336517334, 0.12219
357490539551, 0.12956929206848145, 0.17273736000061035, 0.057764291763305664, 0.06624007225036621, 0.06629490852355957, 0.050557851791381836, 0.06517887115478516, 0.10269904136657715, 0.06633925437927246, 0.15051031112670898, 0.1501
157283782959, 0.14878320693969727, 0.13269972801208496, 0.13370537757873535, 0.12414884567260742, 0.1463148593902588, 0.15231800079345703, 0.14838933944702148, 0.15631651878356934, 0.1508164405822754, 0.1446380615234375, 0.160625934
60083008, 0.08735537528991699, 0.06611394882202148, 0.06715679168701172, 0.09195613861083984, 0.08241462707519531, 0.1447310447692871, 0.19343876838684082, 0.14160823822021484, 0.16000080108642578, 0.13657331466674805, 0.16302037239
074707, 0.16788792610168457, 0.152174711227417, 0.07399606704711914, 0.08889174461364746, 0.07714176177978516, 0.05712890625, 0.0729970932006836, 0.06900286674499512, 0.08618617057800293, 0.04269909858703613, 0.1424398422241211, 0.1
2047219276428223, 0.13151216506958008, 0.12898659706115723, 0.1508181095123291, 0.1515650749206543, 0.1575472354888916, 0.14434051513671875, 0.12329387664794922, 0.1296842098236084, 0.1376047134399414, 0.1383826732635498, 0.19600391
387939453, 0.13512301445007324, 0.06911540031433105, 0.07131433486938477, 0.045526742935180664, 0.08711814880371094, 0.045400142669677734, 0.06490349769592285, 0.08624076843261719, 0.046389102935791016, 0.13184499740600586, 0.173039
19792175293, 0.13466477394104004, 0.13748979568481445, 0.15073657035827637, 0.16553759574890137, 0.1414170265197754, 0.10499358177185059, 0.10711264610290527, 0.03609156608581543, 0.0661172866821289, 0.06615519523620605, 0.066375970
8404541, 0.06699609756469727, 0.06838607788085938, 0.06804633140563965, 0.1333611011505127, 0.13233494758605957, 0.1459643840789795, 0.1099245548248291, 0.11669659614562988, 0.13260221481323242, 0.10799002647399902, 0.12661886215209
96, 0.11188626289367676, 0.15708661079406738, 0.12122893333435059, 0.11124062538146973, 0.048996925354003906, 0.04478907585144043, 0.0818178653717041, 0.05056428909301758, 0.04536581039428711, 0.03841733932495117, 0.0598049163818359
4, 0.06422019004821777, 0.04038643836975098, 0.11226248741149902, 0.11041665077209473, 0.13923978805541992, 0.12663960456848145, 0.12420415878295898, 0.1074683666229248, 0.11426377296447754, 0.11319589614868164, 0.14687585830688477,
 0.1081850528717041, 0.10721445083618164, 0.10231375694274902, 0.12225580215454102, 0.06422257423400879, 0.0674889087677002, 0.04641461372375488, 0.04408073425292969, 0.06611990928649902, 0.11179757118225098, 0.10740470886230469, 0.
11564445495605469, 0.1638169288635254, 0.10326385498046875, 0.1036372184753418, 0.10219502449035645, 0.15273642539978027, 0.1153566837310791, 0.10946345329284668, 0.06622099876403809, 0.07528185844421387, 0.049956560134887695, 0.056
03933334350586, 0.0478055477142334, 0.033750057220458984, 0.05053448677062988, 0.06113481521606445, 0.11817121505737305, 0.19499969482421875, 0.11475491523742676, 0.14896512031555176, 0.14068222045898438, 0.12798857688903809, 0.1366
7631149291992, 0.1295793056488037, 0.13449597358703613, 0.12652087211608887, 0.10268640518188477, 0.11643290519714355, 0.13258576393127441, 0.1139829158782959, 0.1553955078125, 0.11053991317749023]
Backtracks-------------------------------
[0, 0, 0, 0, 0, 0, 0, 0, 0, 0, 0, 0, 0, 0, 0, 0, 0, 0, 0, 0, 0, 0, 0, 0, 0, 0, 0, 0, 0, 0, 0, 0, 0, 0, 0, 0, 0, 0, 0, 0, 0, 0, 0, 0, 0, 0, 0, 0, 0, 0, 0, 0, 0, 0, 0, 0, 0, 0, 0, 0, 0, 0, 0, 0, 0, 0, 0, 0, 0, 0, 0, 0, 0, 0, 0, 0, 0,
0, 0, 0, 0, 0, 0, 0, 0, 0, 0, 0, 0, 0, 0, 0, 0, 0, 0, 0, 0, 0, 0, 0, 0, 0, 0, 0, 0, 0, 0, 0, 0, 0, 0, 0, 0, 0, 0, 0, 0, 0, 0, 0, 0, 0, 0, 0, 0, 0, 0, 0, 0, 0, 0, 0, 0, 0, 0, 0, 0, 0, 0, 0, 0, 0, 0, 0, 0, 0, 0, 0, 0, 0, 0, 0, 0, 0, 0
, 0, 0, 0, 0, 0, 0, 0, 0, 0, 0, 0, 0, 0, 0, 0, 0, 0, 0, 0, 0, 0, 0, 0, 0, 0, 0, 0, 0, 0, 0, 0, 0, 0, 0, 0, 0, 0, 0, 0, 0, 0, 0, 0, 0, 0, 0, 0, 0, 0, 0, 0, 0, 0, 0, 0, 0, 0, 0, 0, 0, 0, 0, 0, 0, 0, 0, 0, 0, 0, 0, 0, 0, 0, 0, 0, 0, 0,
 0, 0, 0, 0, 0, 0, 0, 0, 0, 0, 0, 0, 0, 0, 0, 0, 0, 0, 0, 0, 0, 0, 0, 0, 0, 0, 0, 0, 0, 0, 0, 0, 0, 0, 0, 0, 0, 0, 0, 0, 0, 0, 0, 0, 0, 0, 0, 0, 0, 0, 0, 0, 0, 0, 0, 0, 0, 0, 0, 0, 0, 0, 0, 0, 0, 0, 0, 0, 0, 0, 0, 0, 0, 0, 0, 0, 0,
0, 0, 0, 0, 0, 0, 0, 0, 0, 0, 0, 0, 0, 0, 0, 0, 0, 0, 0, 0, 0, 0, 0, 0, 0, 0, 0, 0, 0, 0, 0, 0, 0, 0, 0, 0, 0, 0, 0, 0, 0, 0, 0, 0, 0, 0, 0, 0, 0, 0, 0, 0, 0, 0, 0, 0, 0, 0, 0, 0, 0, 0, 0, 0, 0, 0, 0, 0, 0, 0, 0, 0, 0, 0, 0, 0, 0, 0
, 0, 0, 0, 0, 0, 0, 0, 0, 0, 0, 0, 0, 0, 0, 0, 0, 0, 0, 0, 0, 0, 0, 0, 0, 0, 0, 0, 0, 0, 0, 0, 0, 0, 0, 0, 0, 0, 0, 0, 0, 0, 0, 0, 0, 0, 0, 0, 0, 0, 0, 0, 0, 0, 0, 0, 0, 0, 0, 0, 0, 0, 0, 0, 0, 0, 0, 0, 0, 0, 0, 0, 0, 0, 0, 0, 0, 0,
 0, 0, 0, 0, 0, 0, 0, 0, 0, 0, 0, 0, 0, 0, 0, 0, 0, 0, 0, 0, 0, 0, 0, 0, 0, 0, 0, 0, 0, 0, 0, 0, 0, 0, 0, 0, 0, 0, 0, 0, 0, 0, 0, 0, 0, 0, 0, 0, 0, 0, 0, 0, 0, 0, 0, 0, 0, 0, 0, 0, 0, 0, 0, 0, 0, 0, 0, 0, 0]
[0, 0, 0, 0, 0, 0, 0, 0, 0, 0, 0, 0, 0, 0, 0, 0, 0, 0, 0, 0, 0, 0, 0, 0, 0, 0, 0, 0, 0, 0, 0, 0, 0, 0, 0, 0, 0, 0, 0, 0, 0, 0, 0, 0, 0, 0, 0, 0, 0, 0, 0, 0, 0, 0, 0, 0, 0, 0, 0, 0, 0, 0, 0, 0, 0, 0, 0, 0, 0, 0, 0, 0, 0, 0, 0, 0, 0,
0, 0, 0, 0, 0, 0, 0, 0, 0, 0, 0, 0, 0, 0, 0, 0, 0, 0, 0, 0, 0, 0, 0, 0, 0, 0, 0, 0, 0, 0, 0, 0, 0, 0, 0, 0, 0, 0, 0, 0, 0, 0, 0, 0, 0, 0, 0, 0, 0, 0, 0, 0, 0, 0, 0, 0, 0, 0, 0, 0, 0, 0, 0, 0, 0, 0, 0, 0, 0, 0, 0, 0, 0, 0, 0, 0, 0, 0
, 0, 0, 0, 0, 0, 0, 0, 0, 0, 0, 0, 0, 0, 0, 0, 0, 0, 0, 0, 0, 0, 0, 0, 0, 0, 0, 0, 0, 0, 0, 0, 0, 0, 0, 0, 0, 0, 0, 0, 0, 0, 0, 0, 0, 0, 0, 0, 0, 0, 0, 0, 0, 0, 0, 0, 0, 0, 0, 0, 0, 0, 0, 0, 0, 0, 0, 0, 0, 0, 0, 0, 0, 0, 0, 0, 0, 0,
 0, 0, 0, 0, 0, 0, 0, 0, 0, 0, 0, 0, 0, 0, 0, 0, 0, 0, 0, 0, 0, 0, 0, 0, 0, 0, 0, 0, 0, 0, 0, 0, 0, 0, 0, 0, 0, 0, 0, 0, 0, 0, 0, 0, 0, 0, 0, 0, 0, 0, 0, 0, 0, 0, 0, 0, 0, 0, 0, 0, 0, 0, 0, 0, 0, 0, 0, 0, 0, 0, 0, 0, 0, 0, 0, 0, 0,
0, 0, 0, 0, 0, 0, 0, 0, 0, 0, 0, 0, 0, 0, 0, 0, 0, 0, 0, 0, 0, 0, 0, 0, 0, 0, 0, 0, 0, 0, 0, 0, 0, 0, 0, 0, 0, 0, 0, 0, 0, 0, 0, 0, 0, 0, 0, 0, 0, 0, 0, 0, 0, 0, 0, 0, 0, 0, 0, 0, 0, 0, 0, 0, 0, 0, 0, 0, 0, 0, 0, 0, 0, 0, 0, 0, 0, 0
, 0, 0, 0, 0, 0, 0, 0, 0, 0, 0, 0, 0, 0, 0, 0, 0, 0, 0, 0, 0, 0, 0, 0, 0, 0, 0, 0, 0, 0, 0, 0, 0, 0, 0, 0, 0, 0, 0, 0, 0, 0, 0, 0, 0, 0, 0, 0, 0, 0, 0, 0, 0, 0, 0, 0, 0, 0, 0, 0, 0, 0, 0, 0, 0, 0, 0, 0, 0, 0, 0, 0, 0, 0, 0, 0, 0, 0,
 0, 0, 0]
Unit calls--------------------------------
[59, 59, 59, 59, 59, 59, 59, 59, 59, 59, 59, 59, 59, 59, 59, 59, 59, 59, 59, 59, 59, 59, 59, 59, 59, 59, 59, 59, 59, 59, 59, 59, 59, 59, 59, 59, 59, 59, 59, 59, 59, 59, 59, 59, 59, 59, 59, 59, 59, 59, 59, 59, 59, 59, 59, 59, 59, 59,
 59, 59, 59, 59, 59, 59, 59, 59, 59, 59, 59, 59, 59, 59, 59, 59, 59, 59, 59, 59, 59, 59, 59, 59, 59, 59, 59, 59, 59, 59, 59, 59, 59, 59, 59, 59, 59, 59, 59, 59, 59, 59, 59, 59, 59, 59, 59, 59, 59, 59, 59, 59, 59, 59, 59, 59, 59, 59,
 59, 59, 59, 59, 59, 59, 59, 59, 59, 59, 59, 59, 59, 59, 59, 59, 59, 59, 59, 59, 59, 59, 59, 59, 59, 59, 59, 59, 59, 59, 59, 59, 59, 59, 59, 59, 59, 59, 59, 59, 59, 59, 59, 59, 59, 59, 59, 59, 59, 59, 59, 59, 59, 59, 59, 59, 59, 59,
 59, 59, 59, 59, 59, 59, 59, 59, 59, 59, 59, 59, 59, 59, 59, 59, 59, 59, 59, 59, 59, 59, 59, 59, 59, 59, 59, 59, 59, 59, 59, 59, 59, 59, 59, 59, 59, 59, 59, 59, 59, 59, 59, 59, 59, 59, 59, 59, 59, 59, 59, 59, 59, 59, 59, 59, 59, 59,
 59, 59, 59, 59, 59, 59, 59, 59, 59, 59, 59, 59, 59, 59, 59, 59, 59, 59, 59, 59, 59, 59, 59, 59, 59, 59, 59, 59, 59, 59, 59, 59, 59, 59, 59, 59, 59, 59, 59, 59, 59, 59, 59, 59, 59, 59, 59, 59, 59, 59, 59, 59, 59, 59, 59, 59, 59, 59,
 59, 59, 59, 59, 59, 59, 59, 59, 59, 59, 59, 59, 59, 59, 59, 59, 59, 59, 59, 59, 59, 59, 59, 59, 59, 59, 59, 59, 59, 59, 59, 59, 59, 59, 59, 59, 59, 59, 59, 59, 59, 59, 59, 59, 59, 59, 59, 59, 59, 59, 59, 59, 59, 59, 59, 59, 59, 59,
 59, 59, 59, 59, 59, 59, 59, 59, 59, 59, 59, 59, 59, 59, 59, 59, 59, 59, 59, 59, 59, 59, 59, 59, 59, 59, 59, 59, 59, 59, 59, 59, 59, 59, 59, 59, 59, 59, 59, 59, 59, 59, 59, 59, 59, 59, 59, 59, 59, 59, 59, 59, 59, 59, 59, 59, 59, 59,
 59, 59, 59, 59, 59, 59, 59, 59, 59, 59, 59, 59, 59, 59, 59, 59, 59, 59, 59, 59, 59, 59, 59, 59, 59, 59, 59, 59, 59, 59, 59, 59, 59, 59, 59, 59, 59, 59, 59, 59, 59, 59, 59, 59, 59, 59, 59, 59, 59, 59, 59, 59, 59, 59, 59, 59, 59, 59,
 59, 59, 59, 59, 59, 59, 59, 59, 59, 59, 59, 59, 59, 59, 59, 59, 59, 59, 59, 59, 59, 59, 59, 59, 59, 59, 59, 59, 59, 59, 59, 59, 59, 59, 59, 59, 59, 59, 59, 59, 59, 59, 59, 59, 59, 59, 59, 59, 59, 59, 59, 59, 59, 59, 59, 59, 59, 59,
 59, 59, 59, 59, 59, 59, 59, 59, 59, 59, 59]
[57, 57, 57, 57, 57, 57, 57, 57, 57, 57, 57, 57, 57, 57, 57, 57, 57, 57, 57, 57, 57, 57, 57, 57, 57, 57, 57, 57, 57, 57, 57, 57, 57, 57, 57, 57, 57, 57, 57, 57, 57, 57, 57, 57, 57, 57, 57, 57, 57, 57, 57, 57, 57, 57, 57, 57, 57, 57,
 57, 57, 57, 57, 57, 57, 57, 57, 57, 57, 57, 57, 57, 57, 57, 57, 57, 57, 57, 57, 57, 57, 57, 57, 57, 57, 57, 57, 57, 57, 57, 57, 57, 57, 57, 57, 57, 57, 57, 57, 57, 57, 57, 57, 57, 57, 57, 57, 57, 57, 57, 57, 57, 57, 57, 57, 57, 57,
 57, 57, 57, 57, 57, 57, 57, 57, 57, 57, 57, 57, 57, 57, 57, 57, 57, 57, 57, 57, 57, 57, 57, 57, 57, 57, 57, 57, 57, 57, 57, 57, 57, 57, 57, 57, 57, 57, 57, 57, 57, 57, 57, 57, 57, 57, 57, 57, 57, 57, 57, 57, 57, 57, 57, 57, 57, 57,
 57, 57, 57, 57, 57, 57, 57, 57, 57, 57, 57, 57, 57, 57, 57, 57, 57, 57, 57, 57, 57, 57, 57, 57, 57, 57, 57, 57, 57, 57, 57, 57, 57, 57, 57, 57, 57, 57, 57, 57, 57, 57, 57, 57, 57, 57, 57, 57, 57, 57, 57, 57, 57, 57, 57, 57, 57, 57,
 57, 57, 57, 57, 57, 57, 57, 57, 57, 57, 57, 57, 57, 57, 57, 57, 57, 57, 57, 57, 57, 57, 57, 57, 57, 57, 57, 57, 57, 57, 57, 57, 57, 57, 57, 57, 57, 57, 57, 57, 57, 57, 57, 57, 57, 57, 57, 57, 57, 57, 57, 57, 57, 57, 57, 57, 57, 57,
 57, 57, 57, 57, 57, 57, 57, 57, 57, 57, 57, 57, 57, 57, 57, 57, 57, 57, 57, 57, 57, 57, 57, 57, 57, 57, 57, 57, 57, 57, 57, 57, 57, 57, 57, 57, 57, 57, 57, 57, 57, 57, 57, 57, 57, 57, 57, 57, 57, 57, 57, 57, 57, 57, 57, 57, 57, 57,
 57, 57, 57, 57, 57, 57, 57, 57, 57, 57, 57, 57, 57, 57, 57, 57, 57, 57, 57, 57, 57, 57, 57, 57, 57, 57, 57, 57, 57, 57, 57, 57, 57, 57, 57, 57, 57, 57, 57, 57, 57, 57, 57, 57, 57, 57, 57, 57, 57, 57, 57, 57, 57, 57, 57, 57, 57, 57,
 57, 57, 57, 57, 57, 57, 57, 57, 57, 57, 57, 57, 57, 57, 57, 57, 57, 57, 57, 57, 57, 57, 57, 57, 57, 57, 57, 57, 57, 57, 57, 57, 57, 57, 57, 57, 57, 57, 57, 57, 57, 57, 57, 57, 57, 57, 57, 57, 57, 57, 57, 57, 57, 57, 57, 57, 57, 57,
 57, 57, 57]