Heuristic 1 
Duration
gr1
45.34244313406114 17.173147847411876
gr2
45.98124123323159 14.639968073035606
Backtracks
gr1
3.154228855721393 4.712753367813131
gr2
5.367213114754098 6.25650406001169
Unit rule calls
gr1
969.7462686567164 355.34933452977464
gr2
1067.9409836065574 449.22875598695805
durations--------------------------------
[67.85654211044312, 64.54887294769287, 82.2363908290863, 33.80025792121887, 37.55211853981018, 37.77872824668884, 33.07704448699951, 59.26691770553589, 62.770930767059326, 62.98462891578674, 63.673606634140015, 122.72232365608215, 4
0.53765559196472, 117.23596858978271, 113.70139169692993, 102.26892900466919, 37.20580720901489, 38.84144115447998, 71.47384881973267, 38.740882873535156, 36.76974868774414, 63.96658229827881, 35.50302839279175, 31.2120578289032, 43
.10610890388489, 41.41974425315857, 35.59767436981201, 37.31339144706726, 81.30543923377991, 34.16791081428528, 32.745444536209106, 33.07003879547119, 59.326231956481934, 31.393913507461548, 59.86935329437256, 36.756572008132935, 31
.058902740478516, 57.48800468444824, 32.7231719493866, 60.620086908340454, 39.67137002944946, 30.841106414794922, 30.49442744255066, 32.252614974975586, 64.91646909713745, 31.311626434326172, 31.603017568588257, 29.24596333503723, 3
8.27929878234863, 30.803777933120728, 58.86730980873108, 60.304736375808716, 30.458863735198975, 32.346041679382324, 33.827983379364014, 38.607431173324585, 30.247810125350952, 59.941715240478516, 30.661346197128296, 32.172434568405
15, 68.05844116210938, 30.897963762283325, 30.662549257278442, 31.01474642753601, 30.736225605010986, 32.98104929924011, 30.723836183547974, 34.759764671325684, 33.510459661483765, 31.28027033805847, 32.150559186935425, 31.389515399
93286, 32.937743186950684, 32.28811573982239, 29.19882822036743, 31.50187587738037, 30.967483282089233, 31.60258388519287, 32.69058656692505, 29.231271028518677, 32.201281785964966, 31.83210515975952, 59.21594476699829, 30.599910497
665405, 29.998655557632446, 31.301063537597656, 31.089463710784912, 60.09780287742615, 55.42658591270447, 29.6055691242218, 32.50889754295349, 58.53958773612976, 61.72376608848572, 60.864041328430176, 35.58231258392334, 37.490645408
63037, 32.61812782287598, 33.28863453865051, 32.933135986328125, 56.72771501541138, 37.60387349128723, 57.89060711860657, 29.566864252090454, 28.837344884872437, 28.7816743850708, 55.50783658027649, 54.69893002510071, 31.68664979934
6924, 58.39294385910034, 57.12837553024292, 30.09383749961853, 30.69327425956726, 29.767687559127808, 29.45923948287964, 54.080429553985596, 30.93188786506653, 29.232465267181396, 30.920180320739746, 43.262754917144775, 35.712981224
06006, 76.10760927200317, 106.87855195999146, 57.714040994644165, 42.409379720687866, 48.19914174079895, 41.55592203140259, 34.15615701675415, 33.349589347839355, 37.48132824897766, 45.543598651885986, 36.30912256240845, 37.85796308
517456, 36.692033529281616, 37.621896505355835, 33.23339223861694, 32.800376653671265, 38.708279848098755, 37.66503620147705, 68.93612480163574, 32.49634885787964, 31.05406165122986, 30.503413200378418, 31.14049220085144, 32.3735182
28530884, 70.52372217178345, 39.985138177871704, 37.19615387916565, 33.69126534461975, 34.1218843460083, 31.92821764945984, 36.02715086936951, 38.83377456665039, 36.328035831451416, 31.634668827056885, 39.43739914894104, 68.66699385
643005, 62.96814489364624, 55.98159646987915, 63.95763802528381, 63.078999757766724, 33.65670132637024, 61.84424328804016, 39.424278020858765, 33.28956627845764, 30.39676833152771, 75.15083479881287, 67.60882353782654, 37.8401477336
88354, 42.15870547294617, 64.86533617973328, 31.129462957382202, 34.75294899940491, 37.79903841018677, 40.32872295379639, 39.929168462753296, 36.48708963394165, 30.880068063735962, 59.37708783149719, 30.822815895080566, 31.740805387
49695, 67.0633192062378, 69.51473665237427, 59.104262351989746, 30.481679439544678, 53.22747755050659, 33.769620180130005, 31.189006328582764, 32.01329803466797, 31.495447635650635, 61.21395540237427, 33.8584098815918, 32.0051984786
9873, 32.4174280166626, 31.81470036506653, 31.427375555038452, 31.116071939468384, 61.68615961074829, 31.17731022834778, 64.9433159828186, 63.8038055896759, 32.552321672439575, 63.00388169288635, 31.82099962234497, 58.68841385841369
6, 30.696081161499023, 31.437063455581665, 59.305989503860474, 31.52538275718689, 31.87798237800598, 55.36255407333374, 59.92535471916199, 33.353527307510376, 60.76145935058594, 63.391236543655396, 32.901365995407104, 32.93792057037
3535, 58.47367596626282, 61.17090725898743, 58.80657911300659, 62.04325866699219, 32.92002606391907, 30.637502193450928, 31.35421109199524, 75.41083860397339, 64.68318176269531, 35.30946087837219, 32.64906406402588, 34.6786906719207
76, 90.25599646568298, 68.19089269638062, 36.75093150138855, 35.14646530151367, 38.166672468185425, 35.58209276199341, 33.11654877662659, 30.84441328048706, 36.0816388130188, 36.186891317367554, 32.1761748790741, 31.029597520828247,
 31.49668264389038, 61.65535306930542, 33.75949573516846, 33.30059003829956, 46.65977191925049, 88.20909547805786, 33.9854474067688, 67.08860564231873, 35.298972368240356, 40.15064740180969, 34.48693823814392, 76.41688203811646, 38.
03532314300537, 36.85611629486084, 65.91448879241943, 31.914648294448853, 34.16433644294739, 31.32708764076233, 43.22696614265442, 41.80342984199524, 48.26478099822998, 43.868236780166626, 41.593676805496216, 37.077975273132324, 75.
16967177391052, 31.458330154418945, 76.39752054214478, 46.32913255691528, 61.142032623291016, 31.788439512252808, 67.10648226737976, 75.45237421989441, 61.11939740180969, 68.60706067085266, 61.89993596076965, 31.430185556411743, 35.
3401517868042, 35.50790858268738, 36.02051377296448, 39.98276710510254, 42.078617095947266, 64.69338417053223, 36.102821826934814, 63.29628252983093, 36.18218445777893, 34.37088751792908, 36.60434103012085, 36.56736397743225, 81.714
95747566223, 40.024988889694214, 39.28728008270264, 43.56555438041687, 72.17827868461609, 31.814128875732422, 31.98520040512085, 31.702457189559937, 67.63979959487915, 33.33768844604492, 57.315128803253174, 35.54852843284607, 36.396
25144004822, 51.99476218223572, 33.49632143974304, 34.03545427322388, 30.444087505340576, 38.30974340438843, 33.50344777107239, 34.93484044075012, 31.83852505683899, 69.50812697410583, 41.54648447036743, 69.03812289237976, 63.321512
46070862, 65.89953589439392, 36.4479079246521, 81.05110812187195, 76.30286359786987, 41.564199924468994, 34.01081323623657, 35.02958655357361, 35.219095945358276, 77.61283087730408, 70.57615852355957, 35.24845790863037, 81.606069803
23792, 92.45113062858582, 42.26444983482361, 37.28854727745056, 37.142524003982544, 32.12692403793335, 66.35150051116943, 32.10398197174072, 45.89872860908508, 78.4674141407013, 40.554049491882324, 40.8681743144989, 41.1553182601928
7, 70.7545223236084, 36.07687306404114, 34.819114208221436, 71.50824761390686, 40.80283880233765, 72.47394895553589, 41.56332588195801, 38.5958194732666, 78.67198324203491, 34.92979145050049, 47.05658316612244, 48.91541767120361, 40
.05809807777405, 36.6096715927124, 34.16123962402344, 34.91821837425232, 67.96736121177673, 70.9738519191742, 34.934985637664795, 35.67264699935913, 32.10718894004822, 33.92782688140869, 64.60736417770386, 62.45703935623169, 32.8645
40815353394, 32.69105911254883, 33.68561363220215, 36.812420129776, 34.263427734375, 35.72081995010376, 74.40990948677063, 35.69331240653992, 69.4871346950531, 36.8355712890625, 35.52803063392639, 33.11880397796631, 65.5989432334899
9, 66.71534943580627, 35.85359263420105, 71.36915612220764, 35.5002179145813, 34.379817724227905, 33.36682915687561, 35.16081881523132, 32.73090577125549, 35.76814794540405, 34.73816418647766, 35.04129099845886, 36.71303653717041, 3
4.81572914123535, 36.88201880455017, 32.379884243011475, 64.8239483833313, 36.8558087348938, 35.13454055786133, 75.88906645774841, 61.70114541053772, 37.21139454841614, 32.14285469055176, 57.81343460083008, 59.80564641952515, 44.535
88056564331, 86.45234155654907, 88.80390453338623, 44.6946964263916]
[47.41185808181763, 44.12724566459656, 46.126205921173096, 47.99277710914612, 43.67136335372925, 45.65284013748169, 51.94240188598633, 45.707247495651245, 36.197548151016235, 36.48970150947571, 77.19443798065186, 37.56290674209595,
32.81718039512634, 43.13326644897461, 40.76499271392822, 39.6719810962677, 35.96208477020264, 65.21138739585876, 38.482223987579346, 39.79933762550354, 81.31896209716797, 45.84708094596863, 41.86743998527527, 38.7681679725647, 38.46
135497093201, 38.229140520095825, 61.85066103935242, 65.56453227996826, 74.01918649673462, 68.44314527511597, 34.49452447891235, 31.96635913848877, 45.47092366218567, 32.44662642478943, 35.75096917152405, 34.59313702583313, 32.32368
8983917236, 78.00862741470337, 41.37211990356445, 41.55492806434631, 45.94245433807373, 77.55146741867065, 36.51112747192383, 81.35243058204651, 37.659640073776245, 36.948275089263916, 35.15572166442871, 74.07075381278992, 68.809125
18501282, 77.49010276794434, 34.63533639907837, 36.22453427314758, 35.98768401145935, 36.91159462928772, 36.0994827747345, 35.389031410217285, 76.89191102981567, 43.73216700553894, 34.36550498008728, 43.2176296710968, 34.93704271316
528, 67.29488849639893, 67.8586163520813, 35.48194217681885, 69.48856353759766, 34.072304487228394, 39.09351301193237, 35.24316120147705, 42.12714958190918, 35.25177502632141, 34.43569207191467, 40.581483125686646, 33.68953394889831
5, 35.15680122375488, 35.69943332672119, 33.84578561782837, 37.271761417388916, 64.86918210983276, 71.83876132965088, 34.8129723072052, 62.51216435432434, 38.150153160095215, 37.077046632766724, 42.842302322387695, 36.50570201873779
, 35.222668409347534, 66.38666319847107, 34.10476303100586, 35.25492835044861, 35.506351470947266, 59.23366928100586, 43.29500412940979, 35.14641189575195, 34.63489627838135, 35.330371379852295, 34.45505213737488, 34.982393741607666
, 70.02426075935364, 35.32126307487488, 35.47104096412659, 35.50217008590698, 57.578001976013184, 34.50099062919617, 34.26213097572327, 36.68674349784851, 34.882298946380615, 44.166929960250854, 66.10892486572266, 67.27933096885681,
 70.57095408439636, 34.5369827747345, 34.58629035949707, 34.370431423187256, 35.82958459854126, 70.51957058906555, 35.31107568740845, 36.102840185165405, 34.44964241981506, 40.80428957939148, 66.19007921218872, 67.2196831703186, 34.
88850522041321, 36.896334648132324, 36.11439919471741, 35.28062033653259, 34.808812856674194, 66.09004092216492, 34.10196399688721, 34.9166579246521, 42.32783341407776, 34.06186079978943, 36.683146476745605, 34.32721447944641, 37.85
318350791931, 63.12770986557007, 65.37799668312073, 65.86217713356018, 69.9615957736969, 68.57974672317505, 33.88822627067566, 33.85397124290466, 35.271790981292725, 34.51030683517456, 64.68331265449524, 34.03895568847656, 68.961484
19380188, 65.21986103057861, 35.21514320373535, 34.91972231864929, 68.34538388252258, 65.27288460731506, 36.20653796195984, 35.24211764335632, 34.74503803253174, 34.524329662323, 67.76103281974792, 68.52364039421082, 35.064507484436
035, 34.66650700569153, 71.34051156044006, 34.661784648895264, 34.486266136169434, 34.68722701072693, 63.1496958732605, 65.75460195541382, 66.6163101196289, 34.67815327644348, 35.327176332473755, 67.54442119598389, 40.09468412399292
, 34.253968954086304, 62.891438245773315, 61.95051193237305, 33.44133472442627, 59.527023792266846, 35.021376848220825, 34.779090881347656, 67.24824476242065, 34.12544345855713, 34.42600631713867, 35.77395057678223, 34.2422690391540
5, 67.54567742347717, 34.424315452575684, 73.57022500038147, 34.199517488479614, 36.82001852989197, 37.25507593154907, 66.35615158081055, 41.41941237449646, 35.32146859169006, 33.56632351875305, 34.4116370677948, 67.85414814949036,
33.810975551605225, 68.81089186668396, 35.576093673706055, 45.576326847076416, 35.78638815879822, 35.22494101524353, 36.332716941833496, 35.470274448394775, 65.04933977127075, 73.93267440795898, 35.52740836143494, 35.609454870224, 3
4.069549322128296, 35.89704656600952, 64.13336610794067, 68.48877930641174, 63.50678849220276, 34.94931960105896, 65.03278970718384, 34.41123127937317, 35.71050763130188, 35.308252811431885, 68.61659455299377, 40.533562660217285, 35
.73678731918335, 35.12718963623047, 66.89054679870605, 35.14624857902527, 35.127400398254395, 67.99857068061829, 37.10348081588745, 35.96753001213074, 35.1613655090332, 36.98841714859009, 38.167049169540405, 66.96002078056335, 37.16
483998298645, 44.276785373687744, 41.95843052864075, 73.32802486419678, 38.961660385131836, 37.29096722602844, 45.63313674926758, 44.68901562690735, 43.86642074584961, 71.72717928886414, 67.25105500221252, 36.055237770080566, 42.507
41505622864, 35.625041007995605, 37.78116059303284, 69.81281089782715, 34.77528166770935, 37.11512017250061, 36.29713296890259, 34.984967947006226, 34.18674278259277, 34.84378504753113, 36.01551914215088, 35.90536332130432, 36.28220
534324646, 37.390708208084106, 38.62228775024414, 38.053019285202026, 45.19832396507263, 74.35276317596436, 38.42045974731445, 69.96448016166687, 35.947898626327515, 39.88051652908325, 37.40638208389282, 35.982160806655884, 38.59380
626678467, 38.479779958724976, 35.677165508270264, 37.01797866821289, 35.57823467254639, 34.640390396118164, 37.266655921936035, 36.897644996643066, 66.9922194480896, 69.61926412582397, 36.01193165779114, 68.94175887107849, 38.47191
548347473, 40.845473527908325, 35.09671998023987, 73.02376317977905, 33.81592035293579, 64.55572652816772, 68.00617718696594, 35.51004362106323, 37.99297547340393, 66.7232346534729, 37.075618743896484, 38.98353576660156, 42.53540921
211243, 73.03776359558105, 38.2705180644989, 38.47245407104492, 73.99287295341492, 39.29774594306946, 68.18688607215881, 77.77955412864685, 36.03184962272644, 34.13897633552551, 37.672117471694946, 35.90888857841492, 66.705937385559
08, 68.18066811561584, 34.83184766769409]
Backtracks-------------------------------
[1, 0, 8, 0, 0, 0, 0, 0, 0, 3, 1, 0, 1, 3, 2, 8, 0, 0, 0, 0, 0, 3, 7, 0, 2, 2, 1, 12, 0, 0, 1, 0, 2, 0, 2, 13, 1, 1, 0, 5, 16, 0, 0, 5, 19, 7, 0, 0, 15, 3, 0, 0, 2, 0, 17, 24, 0, 0, 3, 5, 26, 0, 2, 0, 0, 5, 0, 15, 0, 0, 7, 3, 8, 7,
0, 0, 0, 0, 1, 1, 1, 6, 0, 1, 0, 2, 1, 0, 2, 4, 5, 2, 2, 0, 0, 13, 2, 9, 9, 0, 0, 0, 1, 2, 0, 0, 0, 5, 4, 0, 2, 0, 1, 0, 1, 1, 1, 0, 5, 3, 2, 5, 10, 2, 2, 3, 0, 7, 2, 9, 3, 6, 2, 4, 0, 0, 8, 0, 6, 5, 4, 2, 2, 1, 0, 5, 0, 9, 5, 0, 0,
 3, 4, 5, 1, 0, 2, 4, 0, 0, 0, 0, 0, 6, 0, 4, 2, 1, 4, 0, 0, 12, 8, 0, 8, 1, 1, 6, 5, 0, 2, 19, 0, 0, 0, 10, 0, 2, 0, 3, 4, 0, 3, 6, 1, 0, 1, 3, 5, 5, 0, 0, 1, 0, 2, 4, 3, 10, 1, 5, 0, 7, 1, 1, 1, 5, 1, 0, 0, 5, 9, 0, 0, 2, 0, 5, 2,
 0, 2, 2, 4, 5, 0, 1, 6, 0, 6, 0, 2, 3, 0, 0, 2, 3, 8, 4, 4, 0, 0, 4, 4, 4, 0, 17, 1, 3, 0, 0, 32, 18, 4, 7, 5, 0, 1, 0, 11, 5, 27, 1, 0, 0, 8, 1, 3, 0, 3, 2, 0, 5, 3, 9, 5, 4, 1, 0, 1, 3, 5, 0, 1, 2, 4, 0, 3, 0, 1, 1, 5, 5, 1, 1, 0
, 3, 4, 11, 11, 4, 0, 0, 0, 2, 0, 5, 7, 3, 0, 0, 2, 5, 16, 1, 10, 0, 32, 13, 1, 2, 3, 4, 6, 0, 10, 0, 3, 4, 2, 3, 2, 2, 0, 1, 0, 0, 1, 0, 2, 3, 0, 0, 4, 4, 0, 0, 1, 2, 2, 0, 0, 0, 4, 1, 0, 1, 11, 0, 2, 10, 1, 4, 5, 1, 2, 9, 1, 0, 8,
 0, 1, 0, 0, 0, 0, 0, 2, 1, 10, 0, 0, 1, 15, 3, 21, 2, 1, 6, 2, 0, 3, 8, 0, 3]
[7, 0, 11, 3, 0, 7, 3, 4, 1, 2, 0, 0, 1, 0, 6, 4, 3, 6, 2, 3, 4, 4, 11, 0, 3, 4, 7, 6, 18, 3, 1, 3, 9, 3, 2, 4, 0, 17, 2, 4, 12, 5, 5, 15, 5, 7, 3, 22, 0, 30, 6, 4, 7, 2, 5, 3, 7, 14, 3, 20, 0, 2, 0, 3, 10, 6, 14, 0, 20, 0, 9, 14, 1
, 4, 6, 1, 7, 7, 13, 2, 1, 2, 7, 19, 5, 0, 0, 2, 0, 5, 37, 6, 0, 4, 2, 1, 3, 16, 7, 4, 6, 4, 5, 6, 4, 3, 23, 0, 0, 0, 0, 1, 2, 3, 12, 1, 3, 3, 17, 7, 0, 3, 5, 3, 3, 0, 1, 4, 0, 9, 0, 3, 0, 9, 1, 3, 3, 11, 12, 2, 3, 2, 0, 2, 3, 3, 3,
 1, 5, 3, 1, 8, 2, 3, 2, 10, 1, 1, 4, 12, 3, 0, 7, 2, 1, 4, 3, 4, 6, 14, 7, 2, 2, 1, 20, 7, 1, 3, 0, 3, 10, 0, 7, 2, 18, 4, 2, 13, 1, 18, 5, 1, 0, 6, 0, 6, 5, 36, 9, 5, 9, 4, 3, 18, 8, 2, 2, 8, 8, 17, 0, 7, 0, 0, 2, 5, 4, 16, 10, 2,
 4, 2, 3, 1, 12, 4, 5, 5, 11, 3, 4, 0, 6, 1, 5, 7, 0, 4, 12, 0, 5, 5, 18, 0, 16, 8, 5, 2, 3, 6, 4, 0, 2, 4, 11, 2, 2, 0, 55, 12, 3, 1, 6, 16, 9, 7, 13, 2, 3, 7, 3, 2, 9, 4, 2, 5, 9, 9, 3, 5, 3, 5, 0, 2, 0, 1, 2, 3, 7, 1, 4, 5, 1, 3,
 8, 4, 8, 3, 1, 1, 7, 0, 3, 3, 8]
Unit calls--------------------------------
[706, 707, 1223, 706, 706, 706, 706, 706, 706, 703, 705, 1310, 748, 1356, 1107, 1667, 706, 706, 1152, 706, 706, 1411, 1254, 705, 703, 703, 704, 1112, 1296, 705, 704, 705, 1171, 705, 1282, 1345, 704, 1179, 705, 1483, 1723, 705, 705,
1005, 2186, 780, 705, 705, 1672, 706, 1347, 1264, 703, 705, 1367, 2067, 705, 1212, 706, 880, 2332, 705, 703, 705, 705, 1041, 705, 1418, 705, 705, 910, 800, 1177, 950, 705, 705, 705, 705, 836, 704, 773, 878, 1324, 704, 705, 820, 704,
 1312, 1062, 707, 852, 1137, 1229, 1129, 705, 1265, 778, 1062, 1193, 1132, 705, 1155, 704, 830, 705, 1147, 1127, 870, 1429, 1209, 726, 705, 704, 705, 1050, 753, 704, 705, 789, 790, 1483, 1667, 1094, 703, 1015, 751, 705, 770, 736, 11
15, 738, 941, 779, 736, 705, 705, 1057, 705, 1320, 776, 769, 823, 731, 703, 1252, 988, 704, 846, 934, 704, 704, 795, 700, 699, 703, 1235, 1258, 1084, 1328, 1356, 704, 1082, 704, 864, 704, 1594, 1273, 754, 768, 1300, 704, 1461, 735,
704, 1196, 703, 703, 1519, 849, 704, 1277, 1924, 1174, 704, 1016, 1082, 704, 702, 704, 1414, 1015, 704, 759, 999, 703, 704, 1347, 859, 1796, 1530, 704, 1203, 703, 1220, 717, 864, 1427, 821, 703, 1140, 1272, 1084, 1401, 1491, 703, 78
1, 1112, 1295, 1179, 1450, 793, 704, 704, 1116, 1168, 738, 702, 704, 1397, 1200, 763, 794, 704, 703, 929, 704, 988, 704, 702, 701, 704, 1252, 726, 842, 818, 1642, 722, 1364, 704, 749, 758, 1140, 704, 1010, 1178, 752, 704, 704, 2508,
 1575, 789, 1259, 982, 704, 1392, 704, 1698, 907, 1867, 788, 1367, 1380, 1386, 1164, 1472, 704, 701, 768, 704, 976, 901, 1946, 954, 1298, 703, 704, 703, 964, 1527, 704, 703, 702, 1054, 704, 790, 704, 1332, 760, 1046, 846, 703, 958,
704, 751, 700, 1093, 786, 803, 704, 1369, 704, 1009, 1148, 1376, 789, 1139, 1359, 704, 702, 1060, 1478, 1207, 1636, 704, 3295, 1650, 703, 702, 818, 945, 1463, 704, 1636, 1332, 701, 700, 829, 1352, 798, 777, 1214, 759, 1112, 704, 738
, 1356, 830, 701, 704, 704, 826, 791, 704, 1166, 1237, 717, 702, 704, 704, 1255, 1145, 703, 704, 793, 853, 704, 732, 2183, 716, 1331, 991, 703, 769, 1415, 1262, 704, 1875, 704, 703, 704, 704, 704, 704, 704, 777, 703, 925, 704, 704,
1405, 1198, 820, 2343, 1000, 758, 698, 702, 704, 701, 1424, 1210, 701]
[946, 702, 783, 769, 702, 877, 699, 955, 758, 726, 1081, 702, 701, 702, 816, 841, 831, 1175, 700, 831, 1278, 698, 1269, 702, 758, 897, 1296, 1225, 2735, 1265, 701, 796, 1285, 815, 873, 1007, 702, 1965, 700, 737, 880, 1441, 823, 2054
, 858, 1045, 826, 2604, 1313, 2638, 828, 860, 922, 934, 809, 699, 1278, 1784, 761, 1807, 702, 1328, 1344, 806, 1640, 732, 1329, 702, 2062, 702, 914, 1597, 701, 698, 783, 752, 1144, 1322, 2157, 700, 1074, 700, 1110, 1836, 1045, 702,                       1575, 789, 1259, 982, 704, 1392, 704, 1698, 907, 1867, 788, 1367, 1380, 1386, 1164, 1472, 704, 701, 768, 704, 976, 901, 1946, 954, 1298, 703, 704, 703, 964, 1527, 704, 703, 702, 1054,
 704, 790, 704, 1332, 760, 1046, 846, 703, 958, 704, 751, 700, 1093, 786, 803, 704, 1369, 704, 1009, 1148, 1376, 789, 1139, 1359, 704, 702, 1060, 1478, 1207, 1636, 704, 3295, 1650, 703
, 702, 818, 945, 1463, 704, 1636, 1332, 701, 700, 829, 1352, 798, 777, 1214, 759, 1112, 704, 738, 1356, 830, 701, 704, 704, 826, 791, 704, 1166, 1237, 717, 702, 704, 704, 1255, 1145, 7
03, 704, 793, 853, 704, 732, 2183, 716, 1331, 991, 703, 769, 1415, 1262, 704, 1875, 704, 703, 704, 704, 704, 704, 704, 777, 703, 925, 704, 704, 1405, 1198, 820, 2343, 1000, 758, 698, 7
02, 704, 701, 1424, 1210, 701]
[946, 702, 783, 769, 702, 877, 699, 955, 758, 726, 1081, 702, 701, 702, 816, 841, 831, 1175, 700, 831, 1278, 698, 1269, 702, 758, 897, 1296, 1225, 2735, 1265, 701, 796, 1285, 815, 873,
 1007, 702, 1965, 700, 737, 880, 1441, 823, 2054, 858, 1045, 826, 2604, 1313, 2638, 828, 860, 922, 934, 809, 699, 1278, 1784, 761, 1807, 702, 1328, 1344, 806, 1640, 732, 1329, 702, 206
2, 702, 914, 1597, 701, 698, 783, 752, 1144, 1322, 2157, 700, 1074, 700, 1110, 1836, 1045, 702, 1150, 736, 702, 744, 3895, 995, 702, 789, 800, 701, 747, 1869, 1084, 777, 902, 1127, 738
, 696, 921, 781, 1962, 1203, 1316, 1366, 702, 771, 728, 780, 2113, 757, 699, 699, 1765, 1399, 1347, 855, 928, 918, 928, 702, 1290, 723, 702, 1376, 702, 707, 702, 1155, 1085, 1305, 1226
, 2111, 1548, 700, 699, 746, 702, 1133, 763, 1506, 1274, 701, 810, 1524, 1166, 1026, 700, 753, 700, 1648, 1411, 768, 834, 1777, 752, 702, 840, 1099, 1264, 1443, 724, 830, 1479, 1631, 6
95, 1133, 1078, 701, 1523, 742, 701, 1385, 702, 773, 938, 702, 1537, 719, 2429, 762, 700, 1188, 1232, 1875, 741, 701, 702, 1342, 702, 1791, 784, 2264, 962, 697, 960, 996, 1206, 2470, 1
013, 882, 757, 1077, 1197, 1836, 1083, 890, 1137, 701, 699, 821, 1448, 1665, 947, 762, 1388, 772, 778, 1317, 1214, 845, 778, 1060, 1202, 1338, 955, 701, 1056, 1431, 786, 831, 701, 798,
 1504, 1276, 1164, 750, 1764, 701, 1269, 1498, 734, 838, 901, 926, 697, 701, 836, 796, 1190, 759, 756, 701, 2719, 2048, 999, 1390, 971, 1357, 994, 896, 1384, 782, 717, 840, 925, 760, 1
057, 977, 1374, 1451, 1066, 1582, 739, 961, 775, 1286, 701, 1291, 1247, 779, 721, 1362, 778, 796, 919, 1602, 699, 747, 1897, 696, 1253, 1541, 774, 699, 1201, 700, 1238, 1544, 749]



----------------------------------------------------------------------------------------------------------------------------
Heuristic 2


Duration
gr1
44.86083045468401 17.04395147314491
gr2
47.22952155597874 16.09302627705432
Backtracks
gr1
3.146766169154229 5.428948753415681
gr2
4.7639344262295085 5.773598269650101
Unit rule calls
gr1
996.8009950248756 432.8594732486508
gr2
1104.1147540983607 437.5474081427983
durations--------------------------------
[65.84976387023926, 113.6682915687561, 46.129936933517456, 60.7201189994812, 39.06969976425171, 84.16446828842163, 63.511796951293945, 124.1001091003418, 64.91507244110107, 66.73146867752075, 102.40297317504883, 62.20156264305115, 1
20.18574118614197, 57.94397592544556, 43.91699194908142, 40.74724316596985, 77.4973452091217, 34.4888117313385, 39.59234142303467, 67.00265192985535, 65.09074807167053, 32.57234072685242, 85.08402037620544, 36.4958279132843, 72.0709
3834877014, 42.583746910095215, 33.15480923652649, 41.277109146118164, 33.74242043495178, 32.84300494194031, 32.05318808555603, 31.114829301834106, 31.49114680290222, 31.09617280960083, 31.924437046051025, 68.7705066204071, 32.86559
534072876, 30.683791637420654, 60.06866478919983, 31.508273124694824, 46.00961995124817, 30.53304672241211, 57.729745626449585, 60.50125026702881, 32.672045946121216, 30.731633186340332, 32.847426652908325, 57.66743469238281, 63.936
23733520508, 29.632694244384766, 31.31318497657776, 29.779608249664307, 30.455178260803223, 31.894140005111694, 31.88435959815979, 66.0734372138977, 30.453315496444702, 30.943300247192383, 59.377419233322144, 31.601413249969482, 36.
82861042022705, 31.178027868270874, 30.617457151412964, 30.581703424453735, 59.458491802215576, 61.81354522705078, 31.087563037872314, 64.73346543312073, 55.53802967071533, 30.672969818115234, 36.66608285903931, 60.55748391151428, 3
0.608078718185425, 72.1722559928894, 59.35606551170349, 59.14603018760681, 30.987282276153564, 60.75375747680664, 62.4278461933136, 29.6389639377594, 60.724937438964844, 34.44616222381592, 30.41133689880371, 33.19697546958923, 34.07
632064819336, 66.89024543762207, 34.145918130874634, 33.1015830039978, 31.119691848754883, 31.459659337997437, 30.268478631973267, 29.211276531219482, 37.568501710891724, 33.72675848007202, 30.138836145401, 30.475467681884766, 57.49
814748764038, 28.48323345184326, 29.06858205795288, 29.563179969787598, 29.819828271865845, 31.248586416244507, 28.960776329040527, 58.716225385665894, 29.225051403045654, 30.792818784713745, 29.11354088783264, 63.03775501251221, 34
.009724617004395, 30.58691143989563, 30.694108247756958, 29.998016119003296, 31.61241316795349, 83.65612244606018, 36.22105145454407, 103.48477292060852, 51.177852392196655, 45.28763270378113, 52.56476974487305, 35.6116828918457, 43
.095778942108154, 32.47684621810913, 45.178784132003784, 40.91667985916138, 73.50705337524414, 78.17393088340759, 67.03657174110413, 39.38976192474365, 38.72289443016052, 37.505884408950806, 36.689451932907104, 32.51753044128418, 32
.55255889892578, 31.86287021636963, 31.890047788619995, 32.43346166610718, 68.01895785331726, 36.41582632064819, 38.88532543182373, 33.79754424095154, 32.06122827529907, 63.918372631073, 74.8198709487915, 33.62486696243286, 36.46942
734718323, 37.781898021698, 68.48550128936768, 33.45880699157715, 31.85410737991333, 32.35274648666382, 32.17729473114014, 32.537930488586426, 33.08294725418091, 33.21342206001282, 33.632455825805664, 32.18526315689087, 38.848049879
0741, 42.68879318237305, 30.606194496154785, 32.153144121170044, 40.271233320236206, 34.86012625694275, 36.15520429611206, 34.8274450302124, 41.46588444709778, 41.24661350250244, 32.89219355583191, 60.99392080307007, 36.289101600646
97, 40.987420320510864, 39.82808470726013, 38.6809823513031, 33.71352744102478, 60.212566614151, 32.18086862564087, 31.93909788131714, 30.45059084892273, 36.60989570617676, 38.47764801979065, 62.99984812736511, 32.89382338523865, 34
.372660875320435, 29.995230197906494, 60.95579290390015, 32.26478981971741, 66.35474991798401, 33.211509227752686, 31.794191122055054, 32.110289335250854, 32.353097915649414, 62.17162752151489, 62.092280626297, 61.287434339523315, 3
1.076414585113525, 60.97011947631836, 31.978025197982788, 32.98668622970581, 33.1306791305542, 32.31924629211426, 37.41318941116333, 60.335564613342285, 31.268749475479126, 31.188979625701904, 30.317513942718506, 32.08147478103638,
56.65686893463135, 32.037611961364746, 35.62495946884155, 32.40698552131653, 32.588948249816895, 30.26750373840332, 31.898324012756348, 31.959383726119995, 31.86066198348999, 33.599239349365234, 72.97222805023193, 32.691426277160645
, 32.117318630218506, 33.80459380149841, 31.144293069839478, 70.11592102050781, 31.958112955093384, 32.16329288482666, 31.290642738342285, 31.217217683792114, 45.92242240905762, 37.58275246620178, 34.60963797569275, 35.1387636661529
54, 34.27894330024719, 33.29677224159241, 36.15552115440369, 55.659188747406006, 36.260074615478516, 77.99800658226013, 36.14119052886963, 38.219346046447754, 64.10681915283203, 64.72006607055664, 36.54482865333557, 33.3809757232666
, 31.985519886016846, 30.927284002304077, 61.38058257102966, 65.15098118782043, 36.15947127342224, 49.84750008583069, 46.04609823226929, 35.80170249938965, 35.77414584159851, 33.381359577178955, 39.34473729133606, 72.04489183425903,
 36.65725898742676, 46.70753026008606, 38.92405819892883, 66.1291925907135, 66.32950472831726, 70.85922884941101, 47.0910906791687, 35.03417134284973, 91.06170272827148, 76.18166828155518, 62.249847650527954, 36.413435220718384, 70.
62207055091858, 47.06803917884827, 54.69869804382324, 75.71074485778809, 67.6551764011383, 40.02893614768982, 36.005091190338135, 31.99447274208069, 34.4945764541626, 38.49884009361267, 50.7875657081604, 33.37381052970886, 32.556596
517562866, 65.14694714546204, 35.95808291435242, 38.27025866508484, 42.910041093826294, 61.8384747505188, 36.173314571380615, 33.625017166137695, 33.06591820716858, 36.867061138153076, 34.96801471710205, 37.60534477233887, 35.334904
43229675, 80.01022839546204, 39.32646822929382, 41.6910617351532, 43.454198360443115, 75.229656457901, 32.28157997131348, 31.833756685256958, 31.407092809677124, 38.69118547439575, 42.0152690410614, 31.21415114402771, 31.72093629837
036, 68.7361102104187, 33.06982135772705, 32.204023122787476, 37.61634564399719, 36.65741276741028, 61.562445640563965, 33.59859323501587, 33.65698170661926, 66.14895296096802, 36.083447217941284, 43.90096068382263, 43.5386922359466
55, 39.417065382003784, 35.149890184402466, 32.88801884651184, 69.88495230674744, 42.784629583358765, 80.87660908699036, 87.00772547721863, 34.41765522956848, 33.318748235702515, 31.85916781425476, 54.78094506263733, 44.141966104507
446, 32.83047080039978, 35.9093918800354, 32.48568320274353, 35.2716863155365, 33.55661344528198, 45.60705304145813, 91.87655878067017, 39.303834676742554, 36.63483285903931, 67.94201707839966, 64.44767737388611, 37.71113181114197,
37.40817308425903, 42.66775035858154, 43.15976810455322, 40.92315363883972, 41.77578949928284, 34.5391001701355, 57.43561768531799, 35.171902656555176, 72.57188820838928, 45.65405082702637, 39.57076692581177, 38.62212371826172, 78.6
4404964447021, 77.47531390190125, 82.04310536384583, 48.99923276901245, 39.329853534698486, 68.06926679611206, 36.54004502296448, 35.0416419506073, 72.98200607299805, 36.38097429275513, 36.88941693305969, 33.7244131565094, 65.313657
04536438, 66.76429486274719, 36.66533827781677, 66.43819975852966, 34.21031641960144, 39.15510702133179, 35.469855070114136, 34.592551469802856, 35.88645029067993, 35.74231433868408, 70.95940923690796, 39.170952558517456, 35.0805976
3908386, 36.98972821235657, 34.12528443336487, 33.25268244743347, 33.263877391815186, 31.63910722732544, 65.159095287323, 36.507760524749756, 34.094796657562256, 35.98836350440979, 66.52305459976196, 35.56063270568848, 35.2692844867
7063, 69.06704711914062, 70.23774719238281, 35.19285583496094, 69.55183911323547, 33.022167921066284, 43.3076491355896, 34.9931914806366, 66.96047496795654, 37.11804819107056, 35.85460805892944, 69.23641514778137, 34.47836685180664,
 86.78355622291565, 48.15080213546753, 47.15792894363403]
[58.10760712623596, 44.24068021774292, 55.27619504928589, 81.55796670913696, 45.1688027381897, 45.43151330947876, 44.83556652069092, 90.38521480560303, 98.04538416862488, 72.31201076507568, 33.707645654678345, 46.20252466201782, 71.
7038357257843, 39.2886438369751, 44.03183341026306, 76.48254537582397, 37.88280153274536, 34.973289251327515, 38.2758355140686, 80.83701086044312, 46.16775345802307, 48.059834003448486, 38.66084098815918, 76.12116265296936, 68.01304
817199707, 33.35530996322632, 33.004475116729736, 38.91479134559631, 32.38029456138611, 38.94673013687134, 37.35127806663513, 33.32739973068237, 64.73652720451355, 43.640265226364136, 31.288615465164185, 67.38422465324402, 66.429450
51193237, 45.70744729042053, 42.09059023857117, 81.97630953788757, 74.72911405563354, 36.52375149726868, 41.39287304878235, 40.370317459106445, 76.09314227104187, 68.82396793365479, 69.00746512413025, 35.253904581069946, 35.13810586
929321, 39.089460372924805, 35.373125314712524, 69.32971405982971, 35.92799973487854, 35.42712903022766, 37.62894248962402, 43.94984292984009, 39.210591077804565, 37.627442359924316, 36.5060179233551, 38.08700180053711, 68.573781728
7445, 35.408602476119995, 34.81655716896057, 35.02047276496887, 36.12285351753235, 37.6949782371521, 71.02136874198914, 65.77100229263306, 76.00818920135498, 34.812047719955444, 38.94959783554077, 36.15288591384888, 34.4765267372131
35, 37.069080114364624, 36.111210346221924, 34.28273630142212, 34.90800404548645, 35.55185151100159, 34.76668977737427, 66.81277537345886, 37.030922651290894, 34.73201036453247, 73.32911491394043, 73.44231748580933, 71.1244986057281
5, 34.83323860168457, 34.567105531692505, 66.76285076141357, 35.332120180130005, 40.20512390136719, 46.86408710479736, 37.10817050933838, 34.847959995269775, 36.320143699645996, 34.36915421485901, 34.94969439506531, 35.4190444946289
06, 38.753814697265625, 35.53598952293396, 36.15403699874878, 67.56617045402527, 34.25113034248352, 40.56914281845093, 41.29670834541321, 68.41175699234009, 69.95534992218018, 76.40516710281372, 38.788116693496704, 34.22589898109436
, 34.542136430740356, 67.04741835594177, 34.637572288513184, 33.669705867767334, 35.57060933113098, 36.94392704963684, 69.0370123386383, 34.75087881088257, 37.13514804840088, 37.95433712005615, 35.076791763305664, 34.89286780357361,
 35.7622275352478, 35.90770983695984, 66.70699048042297, 68.34645080566406, 34.66120386123657, 33.59159469604492, 35.498250246047974, 67.16427087783813, 76.39080715179443, 68.59417033195496, 35.38090896606445, 66.95160388946533, 68.
68279957771301, 34.59019613265991, 35.92281794548035, 35.51285266876221, 35.4244384765625, 38.13546919822693, 35.34429335594177, 65.15273857116699, 35.18156099319458, 34.20686197280884, 40.57421636581421, 33.67215538024902, 35.24322
6051330566, 35.09177923202515, 34.634734869003296, 35.746262550354004, 34.31578230857849, 35.04594659805298, 50.638219594955444, 35.98689675331116, 35.08490753173828, 34.67080545425415, 35.76802039146423, 35.421682357788086, 34.3279
7622680664, 36.70103120803833, 36.50196027755737, 34.20002818107605, 66.29419994354248, 68.12636256217957, 35.12462615966797, 35.569061517715454, 34.35209512710571, 71.03147506713867, 35.90007185935974, 34.395352602005005, 73.107830
52444458, 35.96742606163025, 34.994343996047974, 35.54027509689331, 34.75872850418091, 35.7177734375, 39.401050090789795, 66.27211475372314, 35.74772882461548, 34.311789989471436, 33.92885756492615, 36.069682598114014, 33.9055554866
7908, 37.54186987876892, 63.43177938461304, 34.77833104133606, 35.4457266330719, 35.80140566825867, 67.53718256950378, 35.3018593788147, 67.39432334899902, 73.42144250869751, 36.230265855789185, 69.70033240318298, 34.540706634521484
, 67.58703827857971, 34.30778384208679, 35.15318584442139, 76.44012546539307, 36.86403250694275, 41.097190141677856, 37.95790243148804, 69.1209945678711, 35.796040296554565, 37.455628633499146, 69.56308150291443, 67.56544828414917,
66.79994416236877, 36.544270038604736, 35.02705717086792, 39.72077751159668, 35.29613995552063, 35.68051075935364, 33.86631798744202, 72.33421492576599, 34.746182441711426, 70.76707482337952, 34.850860595703125, 35.414660930633545,
37.14162039756775, 67.21530294418335, 36.20803380012512, 66.75714659690857, 36.450345277786255, 35.07597041130066, 36.887871742248535, 67.63652896881104, 35.86036133766174, 68.55348563194275, 35.314568519592285, 35.14212131500244, 6
9.18890380859375, 67.24195170402527, 36.571924448013306, 43.89382982254028, 43.687012910842896, 39.57233500480652, 74.37758755683899, 44.647656202316284, 86.86012077331543, 37.48807907104492, 45.14856028556824, 37.52555203437805, 43
.61813020706177, 68.62047791481018, 69.19215512275696, 37.84474778175354, 37.17076778411865, 69.79678869247437, 34.656338930130005, 70.09390258789062, 36.84379291534424, 67.1718373298645, 70.3376259803772, 67.21044564247131, 37.9845
99351882935, 72.88447308540344, 36.04447102546692, 74.62127804756165, 75.77917408943176, 42.34752702713013, 70.19717073440552, 35.859750509262085, 72.62469673156738, 37.31562566757202, 39.00019979476929, 34.81333303451538, 35.905299
18670654, 34.90782642364502, 37.24870586395264, 71.81399750709534, 66.62751936912537, 34.767284870147705, 39.93158793449402, 74.11276388168335, 40.03066396713257, 47.396458864212036, 35.697497844696045, 36.43506646156311, 32.3175823
6885071, 66.78383994102478, 65.16051149368286, 38.635050535202026, 67.18348026275635, 38.39125657081604, 43.13209629058838, 80.33221983909607, 37.42550826072693, 40.35933804512024, 76.9283835887909, 37.03470182418823, 73.93953895568
848, 45.54745388031006, 37.697441816329956, 36.28202414512634, 34.669097900390625, 72.79725170135498, 37.935030460357666, 35.42086601257324, 35.653034687042236, 34.84632635116577, 64.06515622138977, 54.36738562583923, 29.78739809989
9292, 28.230141162872314, 29.863544940948486]
Backtracks-------------------------------
[1, 0, 17, 0, 0, 1, 0, 0, 0, 2, 10, 0, 1, 3, 4, 7, 0, 0, 0, 0, 0, 3, 9, 0, 2, 1, 1, 16, 0, 0, 1, 0, 2, 0, 2, 18, 1, 1, 0, 3, 25, 0, 0, 4, 6, 7, 0, 0, 9, 2, 0, 0, 2, 0, 7, 22, 0, 0, 3, 3, 17, 0, 2, 0, 0, 2, 0, 17, 0, 0, 12, 2, 1, 39,
 0, 0, 0, 0, 4, 0, 0, 5, 0, 0, 0, 1, 1, 0, 2, 7, 2, 2, 2, 0, 0, 7, 1, 2, 2, 0, 0, 0, 0, 1, 0, 0, 0, 8, 6, 0, 3, 0, 0, 0, 3, 0, 1, 0, 6, 2, 1, 1, 15, 1, 1, 12, 0, 11, 1, 3, 4, 3, 2, 4, 0, 0, 1, 0, 5, 4, 3, 1, 1, 0, 0, 1, 0, 8, 3, 0,
0, 3, 3, 4, 2, 0, 2, 18, 0, 0, 0, 0, 0, 5, 0, 6, 8, 0, 4, 0, 0, 7, 8, 0, 9, 3, 2, 1, 11, 0, 3, 10, 0, 0, 0, 10, 0, 1, 0, 3, 3, 1, 2, 3, 1, 0, 2, 1, 2, 7, 0, 0, 4, 0, 2, 2, 1, 11, 0, 5, 0, 2, 1, 1, 6, 16, 1, 0, 0, 2, 28, 0, 0, 2, 0,
4, 2, 0, 1, 2, 3, 3, 0, 1, 14, 0, 4, 0, 5, 3, 0, 0, 1, 2, 8, 2, 4, 0, 0, 3, 2, 6, 0, 10, 1, 2, 0, 0, 32, 29, 3, 6, 4, 0, 1, 0, 13, 5, 24, 1, 0, 0, 7, 1, 2, 0, 2, 1, 0, 2, 2, 5, 4, 2, 1, 0, 1, 1, 4, 0, 1, 2, 4, 0, 3, 0, 1, 1, 6, 20,
1, 1, 0, 2, 3, 6, 9, 3, 0, 0, 0, 3, 0, 5, 16, 5, 0, 0, 3, 2, 22, 1, 8, 0, 28, 3, 0, 3, 3, 1, 3, 0, 8, 0, 2, 20, 2, 2, 1, 2, 0, 1, 0, 0, 1, 0, 1, 5, 0, 0, 5, 4, 0, 0, 1, 1, 2, 0, 0, 0, 4, 0, 0, 0, 10, 0, 2, 5, 1, 4, 3, 0, 1, 11, 1, 0
, 1, 0, 1, 0, 0, 0, 0, 0, 1, 1, 10, 0, 0, 1, 9, 3, 20, 2, 0, 9, 3, 0, 4, 20, 0, 4]
[20, 0, 18, 3, 0, 4, 5, 3, 0, 3, 0, 0, 3, 0, 10, 9, 3, 6, 1, 11, 4, 6, 3, 1, 4, 2, 6, 10, 3, 3, 2, 1, 3, 3, 1, 3, 0, 12, 5, 5, 6, 5, 10, 7, 7, 3, 2, 1, 0, 11, 3, 3, 7, 1, 6, 2, 7, 6, 2, 9, 0, 2, 0, 2, 7, 9, 12, 0, 22, 0, 10, 6, 0, 5
, 5, 1, 3, 5, 1, 6, 4, 1, 6, 18, 4, 0, 0, 4, 0, 6, 15, 7, 0, 4, 1, 0, 2, 11, 6, 6, 4, 3, 22, 12, 3, 6, 25, 0, 0, 0, 0, 1, 1, 5, 7, 0, 2, 2, 17, 4, 0, 2, 2, 1, 2, 0, 1, 4, 0, 8, 0, 4, 0, 7, 1, 4, 4, 3, 17, 1, 4, 2, 0, 8, 2, 1, 5, 1,
4, 0, 1, 28, 3, 2, 1, 6, 0, 1, 6, 9, 5, 0, 5, 2, 1, 1, 11, 6, 3, 13, 6, 2, 2, 0, 6, 6, 1, 4, 0, 2, 4, 0, 10, 3, 4, 3, 2, 8, 1, 6, 9, 0, 0, 8, 3, 1, 4, 35, 8, 12, 6, 2, 4, 14, 7, 1, 1, 4, 8, 16, 0, 4, 0, 7, 2, 6, 4, 5, 4, 1, 6, 1, 3,
 1, 12, 3, 4, 2, 6, 1, 3, 0, 2, 1, 14, 6, 0, 3, 11, 0, 9, 4, 15, 0, 7, 3, 12, 1, 1, 5, 4, 0, 1, 3, 4, 1, 1, 4, 54, 15, 2, 2, 5, 8, 14, 3, 6, 2, 6, 10, 2, 2, 10, 1, 7, 16, 3, 6, 2, 2, 2, 7, 4, 2, 0, 15, 2, 2, 18, 1, 2, 3, 1, 2, 0, 9,
 15, 2, 1, 0, 6, 0, 3, 1, 6]
Unit calls--------------------------------
[745, 1125, 1610, 1015, 706, 1385, 706, 1290, 706, 923, 1649, 706, 1238, 745, 905, 1064, 1288, 706, 706, 1398, 1350, 808, 1872, 705, 1188, 824, 752, 1446, 705, 705, 762, 705, 816, 705, 703, 2405, 719, 767, 1241, 834, 2649, 705, 1118
, 1591, 970, 797, 705, 1171, 1836, 712, 705, 705, 840, 705, 876, 2581, 705, 705, 1285, 744, 1480, 705, 779, 705, 1180, 1306, 705, 2089, 1031, 705, 1245, 1318, 704, 3579, 1315, 1130, 705, 1218, 1762, 705, 1319, 972, 705, 705, 705, 13
84, 715, 705, 852, 892, 703, 708, 703, 705, 705, 853, 1405, 703, 751, 705, 705, 705, 705, 1401, 705, 705, 705, 1747, 1190, 705, 784, 705, 705, 1286, 885, 1393, 752, 705, 915, 739, 704, 704, 1562, 753, 1543, 2055, 1307, 1115, 704, 72
8, 828, 758, 703, 872, 705, 705, 1075, 705, 778, 819, 726, 1332, 1336, 704, 704, 703, 1266, 1064, 783, 704, 704, 901, 941, 825, 751, 704, 776, 1770, 704, 704, 704, 704, 704, 753, 704, 902, 1233, 1366, 1025, 704, 704, 1041, 1083, 122
0, 1429, 832, 808, 703, 1385, 1132, 850, 1157, 704, 1373, 704, 1715, 704, 791, 704, 776, 1513, 1419, 1364, 757, 1205, 704, 776, 703, 702, 1200, 1402, 704, 918, 704, 741, 1057, 703, 942, 704, 810, 704, 702, 720, 703, 1010, 2337, 703,
 704, 704, 764, 2933, 704, 704, 739, 704, 781, 815, 704, 792, 725, 769, 826, 704, 783, 2057, 704, 894, 1076, 1691, 827, 704, 704, 703, 1329, 1302, 702, 816, 704, 704, 716, 717, 1035, 1186, 1392, 716, 702, 1196, 1354, 3202, 2466, 752
, 1865, 1555, 937, 703, 1230, 1532, 1103, 2008, 1160, 704, 704, 894, 735, 771, 919, 856, 703, 1142, 702, 702, 1069, 1501, 702, 764, 704, 759, 703, 877, 704, 1217, 814, 733, 704, 1315,
704, 777, 703, 1144, 2012, 730, 703, 1235, 749, 852, 1063, 1208, 1091, 704, 704, 1223, 837, 704, 834, 1454, 884, 704, 1381, 836, 1338, 2404, 794, 915, 704, 2497, 709, 704, 830, 701, 70
3, 711, 704, 2063, 704, 938, 2142, 1168, 702, 703, 749, 704, 703, 704, 704, 931, 704, 1438, 1068, 704, 704, 1576, 1295, 1356, 704, 703, 1383, 815, 704, 1347, 704, 893, 704, 1194, 1342,
 996, 1187, 778, 1005, 703, 886, 830, 704, 1411, 986, 703, 704, 703, 704, 734, 704, 1284, 704, 704, 704, 1365, 798, 1096, 1260, 1390, 703, 1622, 782, 2079, 873, 1334, 1037, 933, 1369,
1026, 2431, 704, 996]
[1936, 702, 1556, 1214, 702, 743, 961, 1581, 1384, 1387, 702, 702, 1339, 702, 1037, 1616, 840, 860, 783, 1805, 813, 994, 889, 1360, 1505, 794, 810, 1162, 862, 705, 788, 701, 1398, 92201701, 1442, 1328, 1273, 867, 1359, 12, 702, 979, 701, 702, 740, 1160, 920, 1023, 1506, 743, 1933, 1564, 1446, 1714, 2722, 702, 702, 702, 1321, 701, 701, 881, 1076, 1328, 781, 907, 1474
155, 2714, 702, 1373, 858, 702, 969, 944, 701, 751, 858, 701, 1456, 924, 759, 1619, 2409, 1588, 702, 702, 1319, 702, 1082, 1306, 1096, 702, 979, 701, 702, 740, 1160, 920, 1023, 1506, 7
43, 1933, 1564, 1446, 1714, 2722, 702, 702, 702, 1321, 701, 701, 881, 1076, 1328, 781, 907, 1474, 789, 702, 808, 789, 1387, 1483, 702, 741, 812, 1229, 2049, 1322, 936, 1230, 1561, 749,
 887, 811, 840, 1195, 797, 1451, 776, 702, 1270, 700, 701, 853, 721, 786, 702, 772, 2837, 902, 751, 757, 990, 702, 701, 944, 931, 850, 1295, 1370, 822, 724, 771, 2078, 1048, 804, 2162,
 963, 822, 759, 702, 848, 1063, 1322, 867, 702, 700, 842, 702, 1302, 1219, 732, 853, 860, 1544, 701, 1631, 1810, 702, 1333, 915, 1480, 701, 715, 2768, 1086, 1447, 1212, 1445, 949, 1395
, 1699, 1354, 1322, 910, 909, 1465, 701, 756, 701, 2000, 822, 1740, 824, 864, 867, 1383, 980, 1253, 912, 700, 1107, 1379, 819, 1479, 1031, 700, 1549, 1291, 699, 700, 1404, 905, 1394, 7
62, 2016, 701, 1662, 861, 1758, 1347, 1277, 895, 1192, 1333, 700, 1476, 977, 1376, 1410, 1094, 742, 1287, 700, 1809, 3288, 1758, 1524, 797, 1587, 1091, 1520, 740, 911, 727, 1000, 1756,
 1457, 777, 1279, 1201, 1234, 1540, 763, 945, 761, 1297, 1124, 1015, 1598, 861, 701, 2315, 803, 703, 2205, 699, 1477, 853, 762, 787, 700, 1762, 1226, 698, 699, 700, 1800, 1261, 863, 69
8, 740]


-------------------------------------------------------------------------------------------------
H4



Duration
gr1
55.665957956171745 74.61298266015646
gr2
51.24624062209833 38.835028359828314
Backtracks
gr1
86.17661691542288 317.8594234643235
gr2
75.14098360655737 169.05978123675484
Unit rule calls
gr1
3627.6716417910447 10688.475644525915
gr2
3382.504918032787 5643.3639887032095
durations--------------------------------
[53.49706435203552, 72.76708626747131, 92.95990633964539, 37.18298387527466, 33.749141693115234, 49.2512788772583, 32.825414419174194, 46.05917048454285, 63.688021183013916, 112.073039
0548706, 162.81254410743713, 41.623268365859985, 59.95036005973816, 66.9599347114563, 66.01698231697083, 76.88185095787048, 44.94731855392456, 40.22862219810486, 38.97316265106201, 40.
59750580787659, 37.61785912513733, 38.62260127067566, 75.91003227233887, 32.81406283378601, 33.204161167144775, 33.30583667755127, 44.171213150024414, 701.5923399925232, 30.81582283973
694, 31.573975801467896, 30.74664616584778, 30.67701554298401, 32.832520723342896, 30.769474744796753, 47.87132239341736, 416.0696876049042, 30.920204401016235, 37.175469398498535, 30.
82900834083557, 31.87191867828369, 949.751002073288, 30.625422477722168, 30.48126530647278, 33.258602142333984, 46.16349935531616, 36.30426812171936, 33.39857077598572, 33.620157003402
71, 54.132508754730225, 48.8415310382843, 32.40367889404297, 30.4273464679718, 32.91740608215332, 29.78988814353943, 42.30862379074097, 126.82853412628174, 30.100990533828735, 28.75366
9261932373, 97.02431058883667, 96.07308006286621, 54.825133085250854, 31.17206072807312, 31.391941785812378, 29.94532537460327, 30.746628284454346, 38.00702214241028, 30.79009032249450
7, 57.02826523780823, 41.57007050514221, 38.21631669998169, 606.2371819019318, 48.31111979484558, 48.1158127784729, 53.1160945892334, 39.87009954452515, 36.983734369277954, 36.07344508
1710815, 34.95742225646973, 39.62723994255066, 32.43084669113159, 81.31618189811707, 70.47202324867249, 40.519076108932495, 58.79721283912659, 31.9238121509552, 32.93714141845703, 35.4
8540496826172, 39.27083396911621, 38.179064989089966, 38.25628137588501, 46.72385549545288, 38.13584613800049, 50.46184182167053, 31.1959068775177, 32.31923961639404, 31.28464555740356
4, 34.40940880775452, 38.158029317855835, 39.37006378173828, 32.423903942108154, 33.7731671333313, 32.69672751426697, 45.946558237075806, 33.60464358329773, 30.69564914703369, 37.93193
435668945, 36.31127667427063, 180.6053168773651, 374.0954842567444, 30.889726877212524, 36.30447483062744, 35.98871088027954, 54.787384033203125, 33.03366041183472, 32.982863426208496,
 31.345650911331177, 29.24265456199646, 30.738171577453613, 31.066255569458008, 32.745638370513916, 32.68367528915405, 94.54354667663574, 73.28350520133972, 32.39490008354187, 38.57751
989364624, 77.07841372489929, 31.294155836105347, 52.383111000061035, 38.78340148925781, 80.2695529460907, 32.10764122009277, 33.020812034606934, 35.72171139717102, 36.39247155189514,
30.650885820388794, 30.244500160217285, 31.746556520462036, 31.338398694992065, 34.110437631607056, 40.95866012573242, 32.28667068481445, 109.87827610969543, 32.85412573814392, 34.0882
9092979431, 31.04039764404297, 35.82586669921875, 31.90715265274048, 32.500383377075195, 61.80062985420227, 33.61659026145935, 32.41777515411377, 41.681403160095215, 40.13718605041504,
 56.54073882102966, 31.939463138580322, 31.85548996925354, 44.911680459976196, 43.00472664833069, 38.478933811187744, 35.15727424621582, 35.16875386238098, 33.08792185783386, 34.881054
87823486, 63.285085916519165, 36.29683208465576, 38.667643308639526, 39.20311379432678, 35.525688886642456, 109.54619717597961, 30.60430908203125, 33.437766790390015, 63.23982191085815
4, 43.930830001831055, 32.367791175842285, 59.116304874420166, 36.133591651916504, 33.132426500320435, 48.1883819103241, 54.14902901649475, 39.72989249229431, 36.66568422317505, 35.899
27291870117, 36.04601502418518, 34.07416582107544, 39.957359313964844, 50.29408001899719, 47.28665733337402, 39.315582036972046, 36.00355768203735, 33.14740204811096, 68.64981055259705
, 35.32656741142273, 33.41189622879028, 39.66297364234924, 35.7709755897522, 46.82998728752136, 42.11146521568298, 56.14456534385681, 79.944096326828, 131.57472920417786, 41.1266279220
58105, 54.022550106048584, 45.21913552284241, 31.943143367767334, 35.64269208908081, 41.22972393035889, 42.59193825721741, 101.597252368927, 33.62166929244995, 31.993386268615723, 31.4
97101068496704, 35.91073679924011, 35.78536581993103, 35.28424263000488, 41.949408292770386, 120.3395631313324, 37.960914850234985, 34.43523406982422, 31.50278329849243, 37.54621267318
7256, 39.252761363983154, 36.815999031066895, 35.1363205909729, 43.45145010948181, 42.3817720413208, 42.40617108345032, 43.743688344955444, 45.85509967803955, 43.17798733711243, 38.958
11867713928, 33.22917675971985, 40.01053857803345, 34.11058163642883, 44.247698068618774, 97.46394276618958, 38.87154722213745, 53.48131489753723, 33.386645793914795, 150.0243153572082
5, 36.00261998176575, 31.658877849578857, 36.47007966041565, 44.16104245185852, 51.145962715148926, 55.18937039375305, 246.7979030609131, 41.80465531349182, 40.6654098033905, 40.627376
079559326, 44.45425200462341, 32.35322141647339, 122.67517685890198, 32.3424654006958, 48.51216197013855, 34.964064598083496, 39.1024124622345, 42.54835224151611, 46.11053729057312, 72
.94616866111755, 63.25432205200195, 32.99590611457825, 61.94185256958008, 84.97043585777283, 45.31755089759827, 40.89359211921692, 42.32083034515381, 66.90299701690674, 45.874360561370
85, 218.67724084854126, 40.68949341773987, 41.415496587753296, 38.14916276931763, 41.08516192436218, 44.59688639640808, 38.44357371330261, 48.89138436317444, 56.71993970870972, 42.5578
3534049988, 36.162376165390015, 38.27981495857239, 99.46023416519165, 70.95519018173218, 37.834237575531006, 33.679277181625366, 35.24320077896118, 33.29255414009094, 39.85390877723694
, 96.04180431365967, 54.63057541847229, 36.023200273513794, 35.73713278770447, 34.327070474624634, 46.296796798706055, 36.30003070831299, 35.150930404663086, 35.03172540664673, 36.7779
5886993408, 38.41373324394226, 71.49523162841797, 33.99133777618408, 34.4252245426178, 67.51265454292297, 36.23252820968628, 38.728875160217285, 36.16574144363403, 50.942675828933716,
55.94311308860779, 35.915393590927124, 33.54232454299927, 39.168416023254395, 43.30225086212158, 38.56435799598694, 35.751872539520264, 37.33578610420227, 66.31821703910828, 51.8670361
0420227, 34.519451379776, 33.73218655586243, 40.29980659484863, 45.953476428985596, 41.75736665725708, 38.9740514755249, 52.659244537353516, 67.88064432144165, 388.82923650741577, 122.
60422158241272, 46.11371088027954, 54.692408323287964, 48.20997095108032, 36.10115313529968, 41.39158606529236, 37.51308083534241, 331.50383281707764, 37.32754111289978, 177.5066599845
8862, 69.24442791938782, 39.649181842803955, 60.90072250366211, 72.63793516159058, 37.85042905807495, 32.55758476257324, 34.87934446334839, 42.877214670181274, 32.749515533447266, 34.1
07603788375854, 33.078261613845825, 49.19986915588379, 85.33457803726196, 32.06411790847778, 33.73826193809509, 56.18475556373596, 42.08107876777649, 42.06525659561157, 43.505898475646
97, 44.003037214279175, 42.35910940170288, 37.411208391189575, 39.09210419654846, 41.51267433166504, 35.493987798690796, 41.231008529663086, 45.81570100784302, 35.683114767074585, 45.4
3575716018677, 47.36115741729736, 34.58286643028259, 39.367125034332275, 103.17875289916992, 36.02481412887573, 38.210840940475464, 41.30050086975098, 43.95585489273071, 36.22817754745
4834, 61.323628187179565, 37.34409189224243, 34.806071758270264, 46.21056842803955, 34.93228030204773, 34.59015440940857, 34.85240054130554, 37.18577003479004, 35.046024560928345, 34.5
0791907310486, 35.25482392311096, 37.387959003448486, 38.62194228172302, 45.44047975540161, 36.00480127334595, 35.44246816635132, 51.6971960067749, 73.9546868801117, 37.662224531173706
, 181.1447741985321, 51.23623061180115, 36.661821365356445, 49.573320627212524, 52.42309641838074, 34.08725190162659, 38.78268337249756, 86.35407853126526, 34.53622555732727, 41.198978
18565369]
[45.29622220993042, 35.589752197265625, 59.38190984725952, 37.43642735481262, 34.80390691757202, 35.83563256263733, 37.258604288101196, 38.49487066268921, 36.825711488723755, 34.650509
35745239, 34.915626764297485, 36.05682730674744, 37.661105155944824, 34.69643807411194, 44.83976650238037, 56.74041271209717, 66.84377574920654, 36.84140396118164, 47.16655683517456, 7
9.69519424438477, 39.79500913619995, 41.98492646217346, 34.22124719619751, 38.58221673965454, 113.74348163604736, 61.49459385871887, 38.40857481956482, 44.20529270172119, 62.7198951244
35425, 35.14751958847046, 35.51460313796997, 35.968533754348755, 53.67855501174927, 71.94278979301453, 46.19269371032715, 35.577943325042725, 34.65499472618103, 47.93129825592041, 37.8
01814794540405, 38.55452537536621, 103.75032711029053, 39.17466616630554, 50.85455346107483, 55.11778712272644, 51.378429651260376, 39.65079474449158, 34.81894302368164, 74.05472707748
413, 34.379780292510986, 56.80122351646423, 37.21460580825806, 42.400728940963745, 73.73436427116394, 35.51764988899231, 51.8285071849823, 36.10728192329407, 35.63430571556091, 45.6516
1871910095, 34.68391513824463, 45.76120662689209, 35.28556156158447, 34.45588827133179, 35.427973985672, 50.84173393249512, 63.16643476486206, 36.50597429275513, 34.640095233917236, 35
.50563335418701, 42.52045130729675, 34.68178629875183, 77.46377348899841, 52.224350452423096, 38.907004833221436, 50.5900661945343, 82.14154839515686, 34.676493406295776, 37.1991338729
8584, 59.568047761917114, 36.007930517196655, 35.405945777893066, 52.55304574966431, 39.89755368232727, 89.60965824127197, 165.64150166511536, 34.568480014801025, 36.03118443489075, 34
.55287957191467, 35.82620573043823, 34.863391160964966, 39.29853439331055, 272.436635017395, 39.56552720069885, 34.61935758590698, 65.26867747306824, 47.26721549034119, 41.518555402755
74, 53.73153781890869, 56.17249083518982, 41.51164531707764, 48.67639517784119, 36.021732330322266, 35.16556406021118, 107.59972858428955, 78.16814017295837, 38.1892945766449, 68.88277
554512024, 178.7602822780609, 34.30068898200989, 34.328627586364746, 34.93413686752319, 34.35538148880005, 34.93931841850281, 83.61245632171631, 36.71740102767944, 40.95699405670166, 4
9.110191106796265, 40.87533903121948, 36.55796003341675, 51.42076230049133, 37.483471155166626, 35.30502414703369, 45.493403911590576, 105.36311292648315, 39.30416011810303, 35.4460308
5517883, 34.67117190361023, 37.610106229782104, 37.733232736587524, 35.420071601867676, 537.9359271526337, 36.160971879959106, 40.29128694534302, 35.45407438278198, 46.39081883430481,
36.85929846763611, 49.968770027160645, 52.4688024520874, 63.432053565979004, 102.92741751670837, 39.921788454055786, 42.93141222000122, 37.289482831954956, 36.88329839706421, 57.817427
63519287, 40.593250036239624, 41.69164991378784, 37.03658056259155, 37.6060688495636, 47.01391887664795, 51.34367513656616, 36.15599775314331, 78.73318243026733, 43.556551933288574, 42
.004427909851074, 38.33117985725403, 36.26649498939514, 38.54594945907593, 36.36792993545532, 49.148783922195435, 37.42111563682556, 38.4285101890564, 44.89093518257141, 38.46471762657
1655, 38.218767166137695, 39.89300036430359, 45.043325901031494, 46.95650315284729, 39.39046096801758, 40.99953293800354, 98.58819937705994, 36.614627838134766, 40.977784633636475, 36.
66683578491211, 42.74523401260376, 38.44747066497803, 56.763439416885376, 41.06797409057617, 45.0215117931366, 38.85984683036804, 44.674516677856445, 41.374489307403564, 38.42508816719
055, 53.70429348945618, 50.62036681175232, 53.73787307739258, 51.378767013549805, 41.82525610923767, 40.440420150756836, 45.114418745040894, 56.92502975463867, 93.70594263076782, 53.91
811013221741, 33.33801889419556, 28.901203870773315, 31.807420015335083, 30.332244873046875, 31.273170948028564, 72.34152102470398, 64.34558725357056, 82.02956056594849, 36.37337636947
632, 28.779255390167236, 25.071046590805054, 22.892257928848267, 22.89529275894165, 22.751428842544556, 35.463459491729736, 23.853191137313843, 24.71426510810852, 55.671767711639404, 2
3.29245901107788, 22.037602424621582, 22.9039568901062, 29.340932846069336, 24.4255154132843, 35.83402609825134, 25.443637132644653, 113.07491731643677, 93.62001824378967, 60.304126262
664795, 57.806854248046875, 66.50844740867615, 82.19516730308533, 46.22664999961853, 51.028098583221436, 45.64340949058533, 47.35080909729004, 91.97110152244568, 108.12716913223267, 47
.181699991226196, 48.01808786392212, 45.33545112609863, 57.382688760757446, 44.38510799407959, 82.93329763412476, 106.01269292831421, 48.81952452659607, 83.97215032577515, 107.83519363
40332, 41.83250975608826, 61.28673553466797, 49.69442868232727, 90.23109173774719, 44.44111680984497, 47.37039375305176, 60.6764178276062, 62.2537841796875, 57.329036474227905, 59.8208
2962989807, 80.15518379211426, 66.64156317710876, 43.4471960067749, 51.23051333427429, 44.19372057914734, 57.33821940422058, 57.13998746871948, 45.07783269882202, 76.08025813102722, 42
.700130462646484, 198.83763790130615, 50.652037382125854, 43.13825845718384, 55.71076416969299, 61.53526711463928, 55.46930932998657, 42.110520124435425, 52.174968957901, 53.7628562450
40894, 62.89207863807678, 70.46996212005615, 56.10171604156494, 40.169623374938965, 167.6276044845581, 27.54509973526001, 110.0615086555481, 52.64448428153992, 38.54349613189697, 53.99
960684776306, 28.031121015548706, 42.41883945465088, 25.65395474433899, 38.0775043964386, 27.48777198791504, 45.16647911071777, 25.49874496459961, 100.9628975391388, 28.528475999832153
, 27.73999047279358, 49.96309304237366, 27.07448697090149, 30.06248641014099, 34.59399080276489, 27.676789045333862, 32.34305286407471, 32.75786542892456, 43.12954807281494, 25.5154540
53878784, 27.057843446731567, 31.270002365112305, 27.241061449050903, 27.10352063179016, 26.06143045425415, 27.0290470123291, 30.23533320426941, 27.537715673446655]
Backtracks-------------------------------
[6, 0, 143, 0, 0, 48, 0, 0, 0, 114, 277, 0, 16, 15, 26, 35, 0, 0, 0, 0, 0, 5, 161, 0, 12, 8, 11, 2749, 0, 0, 9, 0, 6, 0, 91, 1587, 4, 56, 0, 2, 4168, 0, 0, 11, 54, 19, 0, 0, 90, 68, 0,
 0, 10, 0, 40, 526, 0, 0, 323, 337, 110, 0, 9, 0, 0, 37, 0, 182, 0, 0, 2405, 72, 68, 143, 0, 0, 0, 0, 41, 16, 166, 178, 0, 121, 0, 6, 1, 0, 10, 37, 46, 9, 65, 0, 0, 5, 10, 44, 14, 0, 0
, 0, 40, 12, 0, 0, 0, 663, 1479, 0, 16, 0, 99, 0, 4, 8, 3, 0, 3, 6, 3, 403, 225, 9, 50, 205, 0, 109, 44, 233, 16, 3, 13, 41, 0, 0, 15, 0, 23, 70, 3, 359, 24, 9, 0, 10, 0, 12, 175, 0, 0
, 81, 74, 131, 4, 0, 36, 3, 17, 0, 0, 0, 0, 41, 0, 13, 6, 1, 272, 0, 0, 135, 69, 0, 152, 3, 10, 10, 12, 0, 16, 5, 0, 0, 0, 81, 0, 6, 0, 2, 159, 8, 20, 21, 9, 0, 7, 73, 216, 353, 0, 0,
55, 0, 4, 12, 22, 267, 7, 6, 0, 9, 11, 3, 33, 373, 17, 0, 0, 12, 18, 0, 0, 9, 0, 13, 12, 0, 12, 44, 14, 44, 0, 48, 271, 0, 126, 0, 484, 15, 0, 0, 41, 11, 60, 784, 28, 0, 0, 62, 12, 298
, 0, 52, 7, 29, 0, 0, 121, 185, 11, 121, 258, 0, 25, 0, 77, 61, 872, 9, 0, 5, 24, 3, 26, 0, 41, 24, 0, 16, 228, 106, 8, 3, 5, 0, 26, 203, 119, 0, 6, 5, 54, 0, 3, 0, 3, 20, 147, 1, 10,
125, 0, 9, 4, 80, 108, 10, 0, 26, 38, 9, 0, 10, 213, 137, 0, 0, 30, 84, 31, 4, 68, 0, 1236, 299, 11, 21, 6, 3, 9, 0, 1014, 0, 457, 151, 4, 129, 227, 12, 0, 23, 0, 0, 1, 0, 46, 163, 0,
0, 81, 3, 0, 0, 16, 31, 7, 0, 2, 0, 25, 23, 0, 70, 27, 0, 28, 301, 10, 15, 8, 2, 4, 107, 19, 0, 49, 0, 1, 0, 11, 0, 0, 0, 16, 17, 51, 9, 0, 95, 203, 15, 621, 99, 12, 70, 114, 0, 7, 232
, 0, 38]
[51, 0, 79, 5, 0, 12, 18, 16, 15, 2, 0, 0, 10, 0, 64, 122, 203, 10, 63, 263, 12, 42, 1, 31, 289, 133, 22, 51, 106, 12, 7, 5, 85, 177, 42, 6, 0, 53, 8, 36, 342, 15, 62, 67, 80, 13, 8, 1
98, 0, 114, 9, 36, 248, 5, 77, 11, 6, 47, 1, 57, 3, 6, 0, 109, 124, 6, 3, 0, 27, 0, 150, 54, 21, 64, 202, 3, 5, 102, 4, 3, 84, 27, 232, 669, 7, 0, 0, 10, 0, 15, 1040, 11, 0, 128, 64, 2
1, 119, 99, 42, 95, 6, 6, 304, 166, 11, 138, 688, 0, 0, 0, 0, 5, 278, 9, 46, 64, 36, 3, 71, 14, 0, 67, 324, 12, 1, 0, 27, 6, 0, 2120, 0, 18, 0, 47, 13, 78, 73, 98, 302, 19, 38, 2, 0, 4
0, 18, 11, 6, 18, 41, 79, 7, 154, 38, 26, 10, 2, 8, 9, 98, 9, 10, 44, 23, 6, 33, 11, 43, 6, 2, 306, 9, 14, 10, 45, 16, 117, 7, 16, 0, 22, 1, 0, 127, 61, 73, 16, 31, 33, 56, 121, 253, 1
00, 0, 7, 25, 7, 10, 349, 236, 419, 87, 48, 5, 2, 2, 1, 112, 5, 4, 272, 0, 2, 0, 17, 11, 49, 6, 268, 77, 3, 5, 66, 108, 11, 42, 4, 11, 127, 244, 7, 18, 0, 42, 10, 174, 167, 0, 150, 273
, 0, 41, 16, 137, 0, 11, 61, 43, 48, 52, 100, 94, 9, 39, 8, 47, 85, 21, 151, 17, 572, 30, 6, 59, 72, 39, 2, 28, 57, 74, 130, 56, 1, 693, 6, 570, 149, 106, 145, 18, 118, 6, 51, 7, 112,
0, 496, 18, 21, 144, 12, 25, 50, 10, 39, 26, 97, 1, 11, 52, 10, 9, 0, 3, 47, 5]
Unit calls--------------------------------
[796, 707, 5688, 706, 706, 2665, 706, 706, 706, 5035, 9366, 706, 1242, 1010, 1269, 1792, 706, 706, 706, 706, 706, 800, 6932, 705, 1101, 877, 1113, 88430, 705, 705, 984, 705, 851, 705,
3647, 54683, 772, 2175, 705, 726, 146407, 705, 705, 1068, 3327, 1415, 705, 705, 3506, 2914, 705, 705, 1238, 705, 1901, 16904, 705, 705, 12066, 10360, 5107, 705, 810, 705, 705, 1945, 70
5, 6306, 705, 705, 67519, 2743, 3336, 4418, 705, 705, 705, 705, 2320, 1049, 8057, 6398, 705, 4788, 705, 827, 704, 705, 1158, 1972, 2179, 1106, 2437, 705, 705, 726, 873, 1894, 1502, 705
, 705, 705, 1524, 1092, 705, 705, 705, 22546, 55277, 705, 1330, 705, 3940, 705, 828, 939, 715, 705, 819, 979, 788, 12157, 6992, 1034, 2545, 8226, 705, 4754, 2159, 10153, 1094, 805, 122
9, 1658, 705, 705, 1229, 705, 1683, 2972, 770, 12781, 1166, 871, 704, 1400, 704, 919, 6289, 704, 704, 3179, 3023, 4940, 787, 704, 2173, 737, 1252, 704, 704, 704, 704, 1909, 704, 1120,
912, 703, 12256, 704, 704, 5765, 3264, 704, 6458, 815, 1028, 1164, 1175, 704, 1207, 887, 704, 704, 704, 3583, 704, 849, 704, 767, 6139, 898, 1181, 1691, 1078, 704, 908, 3547, 7390, 148
16, 704, 704, 2409, 704, 814, 874, 1355, 10048, 980, 891, 704, 1035, 904, 758, 2084, 12510, 1347, 704, 704, 995, 1612, 704, 704, 792, 704, 1187, 1193, 704, 997, 2066, 1119, 2567, 704,
2623, 12292, 704, 4249, 704, 19426, 1214, 704, 704, 2172, 1379, 3185, 29740, 1419, 704, 704, 2913, 937, 11436, 704, 2851, 827, 1764, 704, 704, 5745, 5298, 1229, 5545, 9589, 704, 1255,
704, 3691, 2915, 28247, 990, 704, 831, 1449, 764, 1712, 704, 2045, 1792, 704, 1422, 9418, 5927, 919, 718, 742, 704, 1678, 9204, 5085, 704, 862, 883, 2139, 704, 713, 704, 722, 1486, 675
0, 703, 975, 4642, 704, 1217, 884, 3295, 4539, 1112, 704, 1424, 1885, 1134, 704, 974, 7355, 4426, 704, 704, 1701, 2826, 1647, 905, 2903, 704, 44533, 8215, 843, 1365, 971, 777, 1147, 70
4, 39223, 704, 16829, 5710, 746, 4958, 7615, 1188, 704, 1185, 704, 704, 703, 704, 2030, 7806, 704, 704, 3454, 796, 704, 704, 1524, 1753, 1073, 704, 724, 704, 1688, 2149, 704, 2759, 200
7, 704, 1539, 10606, 978, 1288, 1245, 725, 820, 4763, 1210, 704, 2651, 704, 703, 704, 942, 704, 704, 704, 1123, 1377, 2590, 992, 704, 3870, 7077, 1407, 23863, 3542, 995, 3073, 3568, 70
4, 1048, 8478, 704, 1901]
[2178, 702, 3419, 1006, 702, 1239, 1480, 1484, 1165, 755, 702, 702, 1226, 702, 2831, 4916, 6856, 1069, 3103, 9059, 1170, 2009, 701, 1552, 13217, 5288, 1293, 2262, 4825, 816, 1023, 814,
 3791, 7494, 2734, 855, 702, 3102, 1085, 1624, 11940, 1406, 3203, 3720, 3580, 1404, 1025, 8033, 702, 4495, 1087, 1988, 8222, 844, 3628, 937, 763, 2321, 701, 2828, 769, 916, 702, 4064,
5486, 979, 731, 702, 2034, 702, 7415, 3387, 1534, 3149, 8136, 770, 1079, 4410, 804, 745, 3930, 1667, 10561, 22054, 784, 702, 702, 1056, 702, 1390, 37908, 1277, 702, 6008, 3122, 1509, 4
177, 3973, 2339, 3734, 796, 895, 13327, 6863, 1148, 6087, 24709, 702, 702, 702, 702, 772, 9182, 1111, 2097, 3444, 2044, 796, 3371, 1317, 702, 3005, 11842, 1401, 701, 702, 1467, 1052, 7
02, 66772, 702, 1393, 702, 2491, 1084, 3722, 3533, 5120, 12419, 1466, 2007, 700, 702, 2538, 1341, 1244, 929, 1039, 2464, 3497, 772, 7048, 2043, 1775, 1024, 837, 990, 1067, 3389, 896, 9
80, 2758, 1184, 1051, 1704, 1213, 2284, 915, 767, 11030, 879, 1351, 1019, 1798, 1221, 4503, 899, 1185, 702, 1977, 701, 702, 3988, 2871, 3302, 1628, 1785, 2061, 2655, 4798, 10075, 4292,
 702, 788, 1497, 987, 1154, 11792, 8355, 13599, 3846, 2585, 934, 746, 767, 701, 3994, 960, 1012, 10255, 701, 706, 701, 2038, 925, 3473, 958, 11240, 4147, 789, 903, 3139, 5369, 960, 203
0, 925, 1263, 6565, 9328, 1013, 1418, 701, 1983, 907, 5495, 7748, 701, 6238, 9683, 701, 2433, 1699, 6202, 701, 1085, 2669, 2465, 2680, 2741, 5002, 3680, 904, 2034, 995, 2832, 3156, 155
0, 5471, 1249, 21474, 1820, 901, 2755, 3845, 2519, 807, 1940, 2375, 3612, 5393, 2976, 700, 27388, 932, 19762, 6239, 4194, 6562, 1427, 5427, 887, 3092, 1013, 4868, 701, 18545, 1315, 121
1, 5672, 925, 1717, 2839, 1070, 2245, 2102, 4472, 699, 1303, 2287, 1243, 1283, 700, 821, 2097, 923]
